-6521.5 -964.5 0.6 359 0 20.6 112.9 14.0 0.0 0 1 4 1 1
-6528.2 -883.7 1.5 280 0 15.9 15.4 17.5 3.5 2 0 5 5 5
-6838.1 -2618.1 -3.6 11 0 35.5 12.8 10.5 3.5 2 0 3 4 4
-6918.7 -2876.6 -3.7 104 0 49.9 10.8 7.5 0.0 0 0 3 4 4
-6690.3 -3067.5 -7.9 9 0 25.4 10.9 10.0 0.0 0 0 4 3 3
-6649.1 -3036.2 -8.8 10 0 22.9 11.5 7.5 2.5 2 0 3 1 1
-6617.9 -3026.0 -9.0 283 0 7.7 26.2 7.5 0.0 0 1 3 3 3
-6741.6 -3098.0 -7.0 287 0 11.5 16.6 5.0 2.5 2 1 2 3 3
-6708.9 -3104.6 -7.7 288 0 12.8 17.6 5.0 2.5 2 1 2 1 1
-6703.1 -3150.6 -8.0 104 0 7.8 18.2 2.5 2.5 2 1 1 0 0
-6671.6 -3155.8 -8.7 97 0 9.9 17.1 5.0 2.5 2 1 2 0 0
-6830.1 -2898.8 -4.6 103 0 8.1 16.4 5.0 2.5 2 1 2 5 5
-6812.1 -2635.9 -4.5 102 0 9.1 53.6 10.5 3.5 2 1 3 3 3
-6764.7 -2704.5 -5.4 13 0 29.8 13.9 10.5 3.5 2 0 3 2 2
-6858.0 -3088.1 -4.6 104 0 10.2 48.3 10.0 2.5 2 1 4 3 3
-6904.3 -2971.9 -3.2 105 0 6.1 53.2 7.5 2.5 2 1 3 3 3
-6867.9 -2926.2 -3.7 284 0 6.2 48.5 7.5 2.5 2 1 3 3 3
-3574.5 -2126.0 -1.2 27 0 86.4 25.7 10.0 0.0 0 0 4 5 5
-3506.4 0.2 -0.7 187 0 110.3 16.9 7.5 0.0 0 0 3 0 0
