1905.7 6715.0 3.9 144 0 136.1 41.3 10.5 0.0 0 0 3 4 4
2193.2 4420.4 -4.9 12 0 32.6 14.2 5.0 2.5 2 0 2 5 5
678.5 6224.8 10.3 89 0 15.3 28.2 10.0 2.5 2 1 4 5 5
399.7 6037.0 9.3 88 0 12.1 37.4 10.0 0.0 0 1 4 1 1
386.8 6101.6 9.9 180 0 10.0 20.0 2.5 0.0 0 1 1 5 5
502.0 5862.9 4.7 259 0 35.6 75.2 10.0 0.0 0 1 4 2 2
768.1 6366.4 10.4 355 0 16.2 8.7 2.5 2.5 2 0 1 3 3
2220.4 4467.3 -4.2 12 0 39.9 11.5 7.5 2.5 2 0 3 5 5
2077.8 4394.6 -4.2 98 0 52.3 123.8 12.5 0.0 0 1 5 5 5
2189.4 4538.7 -3.7 282 0 29.8 62.3 12.5 0.0 0 1 5 2 2
2137.5 4404.2 -4.6 107 0 35.1 31.2 7.5 0.0 0 0 3 3 3
2239.3 4526.3 -3.2 14 0 45.4 24.1 12.5 0.0 0 0 5 4 4
2161.8 4372.9 -5.3 114 0 30.9 10.7 10.0 2.5 2 0 4 3 3
-1397.6 6040.5 -16.7 18 0 6.6 16.7 5.0 0.0 0 1 2 0 0
