4741.1 -5318.3 4.1 114 0 7.0 31.5 2.5 2.5 2 1 1 0 0
4620.7 -5392.5 2.3 201 0 6.2 15.7 5.0 2.5 2 0 2 1 1
4984.6 -4743.4 0.8 206 0 6.3 25.1 5.0 0.0 0 1 2 0 0
4671.2 -5398.8 3.3 296 0 8.2 45.9 7.5 2.5 2 1 3 2 2
4948.1 -4793.0 1.4 116 0 8.2 7.4 5.0 2.5 2 0 2 3 3
4609.3 -5349.4 1.7 193 0 40.6 8.4 7.5 2.5 2 0 3 2 2
4877.4 -4650.8 -2.9 142 0 6.7 51.1 7.5 2.5 2 1 3 0 0
4958.7 -4779.5 1.2 11 0 8.6 13.7 2.5 0.0 0 1 1 1 1
4697.3 -5339.1 2.8 11 0 8.8 57.3 7.5 2.5 2 1 3 4 4
4966.1 -4635.4 -1.1 303 0 7.6 31.0 7.5 2.5 2 1 3 5 5
4874.0 -4652.4 -2.9 229 0 6.0 27.1 2.5 2.5 2 1 1 2 2
4351.9 -4972.4 -11.5 213 0 7.1 30.4 7.5 2.5 2 1 3 1 1
4607.6 -5415.6 1.8 112 0 7.5 29.3 5.0 2.5 2 0 2 5 5
