-995.5 -10843.4 -6.0 25 0 44.2 12.9 5.0 2.5 2 0 2 1 1
6801.5 -3076.8 -3.7 108 0 8.5 27.3 7.5 0.0 0 1 3 1 1
6825.6 -2990.7 -3.2 13 0 23.2 11.6 7.5 0.0 0 0 3 4 4
6814.8 -3013.3 -3.5 286 0 7.6 25.8 5.0 2.5 2 1 2 3 3
6786.5 -2981.6 -3.2 192 0 22.1 13.6 12.5 0.0 0 0 5 1 1
6774.7 -3070.7 -3.6 98 0 6.8 26.9 5.0 0.0 0 1 2 3 3
6877.7 -2884.0 -5.4 22 0 23.0 12.2 15.0 0.0 0 0 6 1 1
6890.8 -2814.6 -6.8 201 0 30.4 14.9 12.5 0.0 0 0 5 2 2
6496.2 -2744.4 -2.9 193 0 13.5 24.5 10.0 2.5 2 1 4 3 3
6403.4 -2739.3 -4.9 290 0 47.2 30.3 10.0 0.0 0 0 4 1 1
6386.9 -2892.9 -5.8 103 0 7.4 20.5 5.0 2.5 2 0 2 0 0
6367.0 -2933.5 -5.9 100 0 21.1 15.1 10.0 2.5 2 0 4 3 3
6344.2 -2918.5 -6.2 101 0 16.8 10.8 2.5 2.5 2 0 1 4 4
6306.7 -2910.8 -6.6 190 0 38.7 16.7 10.0 2.5 2 0 4 0 0
6426.8 -2965.2 -5.1 102 0 15.0 12.0 7.5 2.5 2 0 3 0 0
6432.0 -2951.3 -5.5 102 0 10.0 27.1 7.5 2.5 2 1 3 5 5
6389.2 -2898.8 -5.8 103 0 14.4 5.2 5.0 2.5 2 0 2 4 4
6511.8 -2707.7 -2.2 193 0 12.0 8.0 7.5 2.5 4 0 3 0 0
6548.2 -2700.7 -2.1 283 0 45.9 19.8 7.5 2.5 2 0 3 0 0
6600.7 -2720.3 -1.5 13 0 12.7 29.7 12.5 2.5 4 1 5 1 1
6588.9 -2752.6 -2.2 13 0 50.4 19.7 7.5 2.5 2 0 3 1 1
6839.8 -3109.1 -4.1 222 0 13.7 20.9 7.5 0.0 0 1 3 3 3
6811.4 -3169.7 -4.4 106 0 14.6 42.4 7.5 2.5 4 1 3 3 3
6456.3 -2206.5 -6.9 94 0 14.8 19.6 14.0 3.5 2 1 4 3 3
