-2930.6 8209.4 -16.6 199 0 34.6 41.7 5.0 0.0 0 1 2 2 2
-3091.2 8315.9 -19.3 45 0 14.5 10.7 10.5 2.5 2 0 3 1 1
-3074.6 8239.3 -17.1 310 0 9.8 6.7 2.5 2.5 2 0 1 0 0
-2900.6 8321.7 -18.4 193 0 15.2 11.4 5.0 2.5 2 0 2 1 1
-2967.6 8117.9 -17.9 315 0 14.8 23.5 10.0 2.5 2 1 4 4 4
-2934.3 8081.6 -17.6 321 0 9.7 23.8 7.5 2.5 2 1 3 0 0
-2950.8 8105.4 -17.4 320 0 18.1 9.8 7.5 2.5 2 0 3 0 0
-2974.0 8183.6 -16.8 42 0 5.7 7.2 7.5 2.5 2 1 3 5 5
-2960.8 8341.5 -17.3 292 0 33.6 66.9 12.5 0.0 0 1 5 3 3
-1601.6 6610.0 -18.0 25 0 46.3 36.3 14.0 0.0 0 0 4 0 0
-3010.1 8194.8 -17.5 304 0 6.5 12.5 7.5 2.5 2 1 3 4 4
-2995.7 8179.5 -17.8 312 0 21.2 21.9 7.5 2.5 2 1 3 1 1
-2940.2 8152.0 -16.6 220 0 18.9 10.2 5.0 2.5 2 0 2 1 1
-2949.5 8189.3 -16.3 61 0 10.1 28.1 10.0 2.5 2 1 4 5 5
-3010.1 8209.6 -16.8 130 0 10.8 21.1 5.0 2.5 2 0 2 3 3
-3107.0 8260.6 -18.0 43 0 11.2 18.5 10.0 2.5 2 1 4 4 4
-6553.2 -1078.0 11.0 272 0 6.9 20.7 10.5 3.5 2 1 3 1 1
