-6557.1 5171.8 -4.9 349 0 13.5 17.7 14.0 3.5 2 1 4 2 2
-5885.7 5618.5 -6.3 89 0 24.9 52.7 14.0 3.5 2 1 4 0 0
-5631.4 7341.1 -6.5 81 0 6.7 9.1 5.0 0.0 0 1 2 2 2
-3377.8 8285.7 -5.2 11 0 14.4 30.8 10.0 2.5 2 1 4 3 3
-5398.0 7855.5 -4.4 187 0 33.5 8.7 7.5 0.0 0 0 3 1 1
-6227.9 -10314.4 -14.2 4 0 14.8 19.9 10.0 2.5 2 1 4 3 3
-6228.9 -10329.8 -14.1 4 0 14.8 19.9 7.5 2.5 4 1 3 0 0
-6229.8 -10345.3 -14.1 4 0 14.8 19.9 10.0 2.5 2 1 4 5 5
-6230.4 -10361.0 -14.1 4 0 14.8 19.9 10.0 2.5 2 1 4 5 5
-6690.2 5466.4 -3.7 358 0 4.9 10.6 10.5 3.5 2 1 3 2 2
-6686.1 5475.3 -3.9 191 0 5.1 10.8 10.5 3.5 4 1 3 4 4
-6670.1 5465.4 -3.8 282 0 7.7 11.6 10.5 3.5 2 1 3 1 1
-6691.3 5450.9 -3.5 279 0 6.3 9.7 10.5 3.5 2 1 3 4 4
-6696.5 5483.9 -3.9 9 0 7.4 7.6 10.5 0.0 0 1 3 0 0
