5927.5 9920.3 -7.3 270 0 11.8 14.8 14.0 0.0 0 1 4 4 4
5925.9 9881.3 -7.2 0 0 21.4 15.3 14.0 3.5 2 0 4 2 2
5935.4 9896.6 -7.3 174 0 10.7 10.8 14.0 3.5 2 1 4 5 5
6185.2 10150.9 -8.4 108 0 12.8 8.6 10.5 3.5 2 0 3 2 2
6185.5 10159.6 -8.4 106 0 7.8 4.4 10.5 3.5 2 0 3 0 0
5693.0 9980.6 -7.3 97 0 13.9 29.5 10.5 3.5 2 1 3 2 2
6170.4 10134.1 -8.3 186 0 5.7 9.9 10.5 0.0 0 1 3 3 3
6178.2 10139.2 -8.4 107 0 6.0 13.4 10.5 3.5 2 0 3 1 1
5088.8 11448.2 -13.1 63 0 15.3 24.2 10.0 2.5 2 1 4 3 3
5326.1 11692.7 -10.6 63 0 14.2 4.2 5.0 2.5 2 0 2 0 0
5347.3 11615.1 -10.3 8 0 10.6 14.1 2.5 2.5 2 1 1 5 5
6552.8 9977.6 -9.9 149 0 6.0 10.5 7.5 2.5 2 1 3 5 5
6836.3 9838.9 -11.0 6 0 10.8 5.5 10.5 3.5 2 0 3 2 2
6838.6 9859.8 -11.0 3 0 8.0 6.8 10.5 3.5 2 0 3 4 4
5169.4 8247.7 -10.6 287 0 126.8 162.9 12.5 0.0 0 1 5 1 1
