-1707.9 458.6 -0.1 329 0 148.3 103.3 17.5 0.0 0 0 5 1 1
5334.4 11804.2 -12.3 107 0 40.7 62.3 10.0 0.0 0 1 4 3 3
-2645.2 167.4 -0.7 108 0 25.0 18.7 17.5 3.5 2 0 5 2 2
-1816.8 -639.2 1.6 175 0 32.0 15.4 10.5 3.5 2 0 3 2 2
-2647.2 259.5 -0.8 300 0 28.7 21.0 17.5 0.0 0 0 5 3 3
-2756.5 -1851.4 1.1 89 0 17.1 18.0 10.5 3.5 2 1 3 2 2
-2282.1 317.3 2.8 176 0 22.0 10.0 10.5 3.5 2 0 3 3 3
-2261.1 339.2 2.8 277 0 18.0 8.1 10.5 3.5 2 0 3 2 2
-2162.3 106.4 1.6 174 0 20.3 18.3 14.0 3.5 2 0 4 0 0
-2156.8 -367.5 4.0 95 0 46.7 20.1 17.5 3.5 2 0 5 3 3
-3165.8 1808.1 5.5 308 0 32.7 19.4 14.0 0.0 0 0 4 0 0
-2480.1 224.9 0.8 238 1 13.2 16.4 14.0 3.5 4 1 4 5 5
-3200.6 289.2 -6.1 68 0 9.4 24.1 10.5 3.5 2 1 3 4 4
-2931.3 1004.2 -6.0 17 0 33.6 10.5 17.5 3.5 2 0 5 0 0
-3130.2 1775.4 5.9 313 0 42.8 68.5 14.0 0.0 0 1 4 2 2
-2742.6 590.3 -1.9 128 0 14.1 48.8 17.5 3.5 2 1 5 1 1
-2758.0 636.7 -2.2 195 0 20.4 32.7 17.5 0.0 0 1 5 5 5
-2972.9 841.3 -6.0 99 0 15.4 93.6 17.5 0.0 0 1 5 0 0
-2809.3 911.7 -4.3 40 0 13.6 20.3 17.5 3.5 2 1 5 5 5
-3075.2 1813.6 5.6 44 0 13.2 12.3 17.5 3.5 2 0 5 0 0
-3131.5 1784.1 5.7 130 0 10.8 21.8 17.5 3.5 2 0 5 0 0
-3140.5 1793.1 5.7 134 0 9.5 22.0 10.5 3.5 2 0 3 1 1
-3096.6 1794.3 5.6 46 0 17.9 25.6 17.5 3.5 2 0 5 1 1
-3069.7 1808.5 5.7 221 0 11.8 13.1 14.0 3.5 2 1 4 0 0
-3100.3 1772.7 6.0 227 0 24.6 29.5 14.0 0.0 0 1 4 4 4
-3057.6 1823.1 5.5 219 0 14.5 17.7 14.0 3.5 2 1 4 1 1
-3030.8 1854.6 5.1 218 0 15.5 16.4 14.0 3.5 2 1 4 1 1
-3022.6 1865.6 5.0 215 0 8.1 15.8 10.5 3.5 2 1 3 1 1
-3015.8 1872.8 4.9 212 0 6.3 15.0 10.5 3.5 2 0 3 3 3
-2998.8 1895.6 4.7 231 0 19.3 20.4 14.0 3.5 2 0 4 5 5
-2987.9 1929.0 4.4 314 0 15.6 21.9 17.5 3.5 2 1 5 0 0
-3005.3 1946.2 4.4 321 0 19.1 17.6 17.5 3.5 2 0 5 4 4
-3013.7 1910.8 4.6 42 0 15.9 15.6 17.5 3.5 2 0 5 1 1
-3023.2 1875.3 4.9 53 0 8.0 16.9 10.5 3.5 2 1 3 3 3
-2984.2 1913.4 4.3 224 0 17.5 13.6 14.0 0.0 0 0 4 5 5
-3066.4 -361.4 -0.5 118 0 49.4 20.2 14.0 3.5 2 0 4 2 2
-2874.8 -530.6 2.2 30 0 9.5 20.4 10.5 0.0 0 1 3 2 2
-2873.8 -500.3 2.7 357 0 10.9 6.5 10.5 3.5 2 0 3 1 1
-2893.0 -513.8 2.1 121 0 6.5 12.2 10.5 3.5 2 1 3 4 4
-2873.8 -511.0 2.6 4 0 7.8 6.3 10.5 3.5 2 0 3 4 4
-2866.5 -543.7 2.5 93 0 7.0 8.8 10.5 3.5 2 1 3 5 5
-2488.3 -818.6 4.1 336 0 8.8 15.4 10.5 3.5 2 1 3 5 5
-2482.1 -777.8 4.3 244 0 21.6 18.7 14.0 3.5 2 0 4 0 0
-2459.6 -765.2 3.8 247 0 17.7 16.6 14.0 3.5 2 0 4 1 1
-2498.8 -775.2 4.2 63 0 13.4 10.8 17.5 3.5 2 0 5 2 2
-2880.3 -545.5 1.4 309 0 14.4 17.1 17.5 3.5 2 1 5 0 0
-2953.0 -266.5 0.4 272 0 61.5 21.0 14.0 3.5 2 0 4 4 4
-2882.7 -284.7 0.8 358 0 13.9 9.4 10.5 3.5 2 0 3 0 0
-2695.4 -975.7 -0.2 177 0 19.7 22.7 17.5 0.0 0 1 5 2 2
-2665.9 -2186.8 -0.6 108 0 13.4 7.9 10.5 0.0 0 0 3 4 4
-2685.2 -2153.4 -0.2 194 0 20.1 17.6 14.0 0.0 0 0 4 5 5
-1901.8 -848.9 2.3 193 0 12.5 11.6 10.5 3.5 2 0 3 3 3
-2091.3 -849.7 4.7 287 0 15.6 23.3 14.0 3.5 2 1 4 3 3
-1816.7 96.1 0.6 354 0 167.2 80.9 10.0 0.0 0 0 4 5 5
-1914.4 -37.8 2.3 173 0 35.3 16.8 7.5 2.5 2 0 3 1 1
-1887.0 -52.1 2.4 84 0 11.2 33.0 5.0 2.5 4 1 2 0 0
-2060.9 -315.2 3.9 4 0 8.4 23.6 10.5 3.5 4 1 3 4 4
-2128.4 -163.0 2.5 272 0 17.2 23.6 17.5 3.5 2 1 5 5 5
-2837.4 -2404.3 -4.1 190 0 10.8 17.3 7.5 2.5 4 1 3 5 5
-2800.7 -2430.5 -3.6 11 0 8.5 6.5 5.0 2.5 2 0 2 1 1
-2813.9 -232.4 0.8 178 0 11.4 18.2 5.0 2.5 2 1 2 0 0
-2811.0 -245.1 0.7 179 0 11.4 13.8 5.0 2.5 2 1 2 5 5
-2820.5 -252.5 0.8 357 0 14.3 18.6 17.5 3.5 2 1 5 2 2
-2852.2 -103.6 -0.1 58 0 20.6 7.3 10.5 3.5 2 0 3 5 5
-4149.4 761.0 4.0 282 0 9.8 20.1 10.5 3.5 2 1 3 4 4
-2973.9 1935.9 4.1 45 0 19.6 20.5 17.5 0.0 0 1 5 0 0
-3009.0 1957.8 4.1 133 0 10.0 25.5 17.5 3.5 2 1 5 4 4
-3017.6 1965.5 4.1 130 0 11.8 20.9 17.5 3.5 2 0 5 0 0
-3019.9 2137.1 2.5 323 0 17.1 18.6 17.5 0.0 0 1 5 2 2
-3334.6 879.7 -2.4 340 0 8.9 12.1 10.5 3.5 2 1 3 4 4
-4087.8 262.9 0.7 278 0 31.7 31.9 14.0 0.0 0 1 4 3 3
-4041.7 254.4 0.4 323 0 14.5 28.6 10.5 3.5 2 1 3 5 5
-4076.7 205.5 -0.1 8 0 14.0 26.2 14.0 0.0 0 1 4 2 2
-5100.8 -493.3 -9.1 185 0 13.6 17.5 10.0 2.5 2 1 4 0 0
-3268.4 -8.5 -5.2 82 0 14.0 20.6 17.5 3.5 4 1 5 4 4
-3619.5 628.8 0.0 333 0 17.6 27.6 14.0 0.0 0 1 4 5 5
-2943.7 2805.6 0.8 44 0 24.8 31.2 14.0 0.0 0 1 4 2 2
-2862.9 -327.6 1.8 173 0 26.5 16.8 17.5 3.5 2 0 5 0 0
-4479.2 4031.0 -2.6 109 0 6.9 11.3 5.0 2.5 2 1 2 3 3
-2839.2 -746.6 -2.0 174 0 22.4 13.4 14.0 3.5 2 0 4 3 3
-3531.4 296.9 -4.7 14 0 30.5 10.0 10.5 3.5 2 0 3 0 0
