-2801.9 -10280.4 -5.2 353 0 50.6 27.8 7.5 0.0 0 0 3 2 2
-2627.4 -10906.9 -9.3 161 0 38.0 43.8 7.5 0.0 0 1 3 3 3
-2609.9 -10950.8 -9.9 159 0 38.7 43.9 7.5 0.0 0 1 3 5 5
-2594.0 -10995.0 -10.4 160 0 38.7 43.8 7.5 0.0 0 1 3 5 5
-2579.1 -11022.7 -10.6 160 0 12.4 32.8 10.0 2.5 2 1 4 1 1
-2815.6 -9984.5 -6.9 89 0 10.1 17.3 7.5 2.5 2 1 3 2 2
-2781.7 -10324.8 -3.4 174 0 18.2 8.2 2.5 2.5 2 0 1 1 1
-463.2 1033.0 4.8 4 0 20.6 31.9 10.0 0.0 0 1 4 5 5
-314.6 993.3 5.3 11 0 14.4 18.2 10.0 2.5 2 1 4 0 0
-567.1 1491.3 5.1 82 0 23.5 33.1 7.5 0.0 0 1 3 3 3
-394.2 1388.6 5.5 272 0 17.4 21.1 5.0 2.5 2 1 2 0 0
-390.4 860.7 2.5 180 0 4.7 14.0 7.0 2.5 2 0 2 3 3
-488.9 1402.0 5.2 86 0 12.1 7.7 7.5 2.5 2 0 3 1 1
-521.3 1130.0 4.7 271 0 34.2 22.8 12.5 0.0 0 0 5 1 1
2205.5 1821.1 -4.6 275 0 79.6 133.4 14.0 0.0 0 1 4 3 3
-409.5 1390.8 5.5 271 0 10.9 21.7 5.0 2.5 2 1 2 2 2
-609.3 1336.4 4.7 275 0 7.8 19.0 2.5 2.5 2 1 1 2 2
-1056.2 1380.6 -4.4 187 0 8.6 11.9 7.5 2.5 2 1 3 1 1
-474.2 1133.0 4.9 7 0 8.2 11.1 7.5 2.5 2 1 3 1 1
-901.4 2337.0 3.4 159 0 10.1 21.2 7.0 2.5 2 1 2 0 0
3951.5 2252.2 -4.9 87 0 21.3 31.4 7.5 0.0 0 1 3 5 5
-908.3 -4322.7 5.1 156 0 58.8 21.5 7.5 0.0 0 0 3 1 1
-643.9 970.5 4.2 94 0 16.0 23.1 7.5 2.5 2 1 3 3 3
-899.6 1412.4 -6.8 3 0 6.9 61.4 2.5 0.0 0 1 1 2 2
75.0 7390.8 -9.4 341 0 8.3 6.6 7.5 2.5 4 0 3 2 2
73.3 7341.6 -10.2 159 0 5.8 5.8 5.0 2.5 2 1 2 0 0
-2222.1 -8395.1 -9.6 327 0 22.1 22.8 12.5 0.0 0 1 5 2 2
-841.2 1685.9 -4.5 351 0 15.1 13.1 3.5 2.5 2 0 1 2 2
-769.3 1904.7 -6.3 62 0 53.8 24.1 12.5 2.5 2 0 5 5 5
968.0 8916.9 -11.3 108 0 11.4 18.8 10.0 2.5 4 1 4 4 4
-2555.5 -5667.2 -5.7 307 0 45.3 26.6 10.0 0.0 0 0 4 3 3
