-899.9 -11200.2 -13.7 285 0 29.9 13.6 7.5 0.0 0 0 3 0 0
-321.6 -11297.9 -13.8 202 0 6.0 6.5 2.5 0.0 0 1 1 3 3
-947.5 -11266.2 -13.7 215 0 16.6 5.9 5.0 2.5 2 0 2 1 1
-1027.1 -11372.9 -11.9 199 0 4.9 16.4 7.5 2.5 2 1 3 2 2
-1015.6 -11336.4 -12.3 239 0 14.4 5.5 2.5 2.5 2 0 1 3 3
-1029.1 -11381.6 -11.9 199 0 4.3 17.6 7.5 2.5 2 1 3 1 1
-1020.0 -11330.4 -12.3 242 0 14.3 5.9 5.0 2.5 2 0 2 0 0
-329.2 -11323.9 -13.9 200 0 33.5 10.8 7.5 2.5 2 0 3 2 2
-1083.7 -11664.3 -14.1 197 0 7.5 13.7 7.5 0.0 0 1 3 4 4
-567.7 -11831.0 -11.7 198 0 41.9 13.8 7.5 2.5 2 0 3 4 4
-575.7 -12496.1 -7.5 18 0 6.4 19.6 5.0 2.5 2 1 2 3 3
-2281.2 -12785.6 -15.2 4 0 11.4 24.4 15.0 0.0 0 1 6 2 2
-621.8 -12649.7 -8.7 33 0 8.1 8.1 7.5 2.5 2 0 3 1 1
-553.1 -12449.1 -7.4 25 0 9.2 8.5 7.5 2.5 2 0 3 0 0
-605.0 -12320.8 -8.4 193 0 10.4 8.0 7.5 2.5 2 0 3 5 5
-2350.5 -12575.1 -10.8 284 0 8.5 8.8 5.0 2.5 2 1 2 5 5
-778.8 -12829.9 -12.6 199 0 6.3 12.7 7.5 2.5 2 1 3 0 0
-454.6 -12728.1 -9.8 108 0 15.9 18.1 10.0 2.5 2 1 4 4 4
-2770.3 -12432.0 -7.8 105 0 4.8 11.6 5.0 2.5 2 1 2 4 4
-339.5 -12515.7 -8.7 290 0 6.8 11.3 7.5 2.5 4 1 3 0 0
-2793.9 -12855.8 -17.7 84 0 14.6 20.9 7.5 2.5 2 1 3 4 4
-519.5 -12419.7 -7.6 21 0 9.1 15.2 7.5 2.5 2 1 3 0 0
-697.7 -12621.1 -8.3 106 0 16.9 20.0 10.0 2.5 2 1 4 3 3
-317.7 -12752.3 -10.0 103 0 10.9 13.3 7.5 2.5 2 1 3 5 5
-439.8 -12340.1 -7.8 19 0 11.0 6.1 5.0 2.5 2 0 2 1 1
-572.6 -12324.6 -8.4 23 0 5.8 8.4 5.0 2.5 2 1 2 5 5
-594.8 -12322.4 -8.4 204 0 9.9 8.0 7.5 2.5 4 0 3 2 2
-508.1 -12573.0 -7.9 208 0 7.7 8.8 5.0 2.5 2 1 2 3 3
-2299.5 -12753.4 -14.6 18 0 10.2 8.6 7.5 2.5 4 0 3 2 2
-303.9 -12588.7 -9.3 29 0 10.2 8.4 5.0 2.5 2 0 2 0 0
-807.7 -12499.1 -7.5 200 0 7.6 10.2 5.0 2.5 2 1 2 1 1
-443.1 -12268.0 -8.3 24 0 5.8 9.6 5.0 2.5 2 1 2 3 3
-783.7 -12602.4 -8.4 291 0 15.2 18.4 7.5 2.5 2 1 3 5 5
-2848.1 -12658.6 -13.6 2 0 14.4 36.3 7.5 2.5 2 1 3 4 4
-1049.5 -12504.5 -7.5 206 0 9.9 11.4 7.5 2.5 2 1 3 2 2
-965.2 -12585.2 -8.2 22 0 11.9 10.6 5.0 2.5 2 0 2 2 2
-2322.1 -12785.2 -15.2 101 0 6.5 9.9 7.5 2.5 2 1 3 4 4
-496.0 -12482.2 -7.4 202 0 9.3 3.6 7.5 2.5 2 0 3 3 3
-1233.2 -12263.3 -9.7 111 0 5.5 6.5 7.5 0.0 0 1 3 4 4
-1029.5 -12522.3 -7.6 204 0 8.7 8.4 2.5 2.5 2 0 1 2 2
-1203.6 -12609.3 -9.2 23 0 8.4 8.3 7.5 2.5 2 0 3 4 4
-770.1 -12483.9 -7.5 286 0 6.6 18.5 5.0 0.0 0 1 2 2 2
-321.3 -12543.6 -9.0 296 0 10.9 9.0 5.0 0.0 0 0 2 5 5
-317.4 -12623.8 -9.5 28 0 10.1 8.2 2.5 2.5 2 0 1 3 3
-944.8 -12491.6 -7.5 4 0 11.9 21.5 7.5 2.5 2 1 3 1 1
-305.0 -12775.3 -10.3 94 0 6.2 17.5 5.0 2.5 4 1 2 3 3
-2848.9 -12730.4 -15.3 11 0 11.8 39.7 10.0 2.5 2 1 4 4 4
-460.5 -12330.5 -8.0 22 0 13.0 9.6 2.5 2.5 2 0 1 4 4
-1252.3 -12428.1 -8.2 290 0 8.4 6.2 7.5 2.5 2 0 3 3 3
-2551.1 -12473.3 -8.9 284 0 15.7 20.0 12.5 2.5 2 1 5 1 1
-467.5 -12184.1 -8.9 198 0 5.9 12.4 5.0 2.5 2 1 2 2 2
-422.8 -12561.2 -8.4 290 0 13.7 8.2 5.0 2.5 4 0 2 4 4
-577.9 -12538.0 -7.5 17 0 6.8 8.7 7.5 2.5 4 1 3 4 4
-715.8 -12849.5 -12.7 116 0 5.7 29.4 5.0 2.5 2 1 2 3 3
-2543.5 -12540.8 -10.1 114 0 9.0 12.4 5.0 0.0 0 1 2 2 2
-2766.2 -12404.9 -7.5 283 0 12.9 14.8 7.5 2.5 2 1 3 2 2
-2846.7 -12678.3 -14.0 2 0 12.5 38.2 10.0 2.5 2 1 4 4 4
-2322.2 -12800.0 -15.5 106 0 15.5 13.3 5.0 2.5 2 0 2 2 2
-731.9 -12510.2 -7.5 19 0 9.9 9.6 2.5 2.5 2 0 1 5 5
-2305.5 -12708.6 -13.7 286 0 8.0 8.1 2.5 2.5 2 1 1 3 3
-395.5 -12494.1 -8.3 200 0 6.0 12.0 5.0 0.0 0 1 2 5 5
-540.8 -12243.9 -8.9 15 0 13.4 7.2 7.5 2.5 2 0 3 1 1
-428.3 -12192.1 -8.7 198 0 12.2 8.0 7.5 2.5 2 0 3 5 5
-3058.3 -12127.1 -5.3 108 0 6.4 13.6 5.0 2.5 2 1 2 0 0
-2480.0 -12551.7 -10.3 26 0 8.8 11.0 7.5 2.5 2 1 3 5 5
-946.4 -12536.4 -7.6 112 0 5.3 16.3 2.5 2.5 2 1 1 1 1
-2746.0 -12112.3 -11.8 16 0 13.2 5.0 7.5 2.5 2 0 3 3 3
-442.7 -12408.4 -7.4 13 0 10.7 11.5 5.0 0.0 0 1 2 5 5
-2314.6 -12590.6 -11.2 271 0 8.5 11.4 7.5 2.5 2 1 3 1 1
-598.0 -12691.3 -9.4 116 0 13.2 27.6 7.5 2.5 2 1 3 0 0
-775.3 -12822.8 -12.4 199 0 5.5 17.8 2.5 2.5 2 1 1 1 1
-563.5 -12265.5 -8.9 19 0 10.9 7.9 5.0 2.5 2 0 2 4 4
-392.3 -12084.7 -9.2 207 0 7.8 10.7 2.5 0.0 0 1 1 3 3
-867.2 -12557.3 -7.6 104 0 11.7 3.4 7.5 2.5 2 0 3 2 2
-3008.1 -12164.1 -5.8 107 0 6.6 13.3 5.0 2.5 2 1 2 4 4
-320.4 -12172.1 -8.2 20 0 10.4 8.2 7.5 2.5 2 0 3 4 4
-2518.9 -12478.2 -8.9 277 0 5.4 17.1 5.0 0.0 0 1 2 5 5
-2934.1 -12750.0 -15.8 95 0 25.1 11.8 7.5 2.5 4 0 3 5 5
-553.4 -12504.6 -7.5 17 0 6.1 18.5 5.0 2.5 2 1 2 5 5
-573.7 -12549.3 -7.6 20 0 11.4 6.5 5.0 2.5 2 0 2 0 0
-804.7 -12598.1 -8.4 294 0 13.3 21.5 10.0 2.5 4 1 4 1 1
-777.1 -12548.1 -7.6 106 0 16.4 8.5 7.5 2.5 2 0 3 3 3
-413.0 -12285.7 -8.2 81 0 18.6 15.1 12.5 0.0 0 0 5 5 5
-933.0 -12533.5 -7.6 112 0 6.1 17.4 5.0 2.5 2 1 2 0 0
-558.7 -12253.0 -8.9 16 0 12.3 7.3 5.0 2.5 2 0 2 0 0
-3051.2 -12853.5 -18.2 99 0 23.8 35.6 7.5 0.0 0 1 3 1 1
-678.3 -12145.2 -10.0 199 0 10.2 7.1 5.0 2.5 2 0 2 3 3
-419.5 -12168.1 -8.8 290 0 16.5 7.5 7.5 2.5 2 0 3 4 4
-2885.5 -12687.1 -14.7 272 0 12.2 25.5 7.5 2.5 2 1 3 3 3
-440.0 -12246.6 -8.4 208 0 4.4 10.6 7.5 2.5 2 1 3 0 0
-2972.3 -12721.9 -15.3 182 0 12.6 24.5 10.0 2.5 2 1 4 0 0
-856.4 -12547.7 -7.6 108 0 6.8 20.0 7.5 2.5 2 1 3 2 2
-2635.8 -12487.7 -8.9 103 0 7.5 21.0 7.5 2.5 2 1 3 1 1
-673.4 -12742.8 -10.6 22 0 11.9 19.6 7.5 2.5 2 1 3 2 2
-1232.0 -12680.5 -10.6 117 0 5.0 7.0 5.0 2.5 2 1 2 0 0
-872.6 -12537.8 -7.6 108 0 9.8 13.5 7.5 2.5 2 1 3 4 4
-644.7 -12128.3 -10.1 288 0 12.1 9.9 7.5 2.5 2 0 3 0 0
-457.1 -12296.7 -8.2 20 0 4.6 7.8 7.5 2.5 2 1 3 5 5
-598.0 -12559.2 -7.6 23 0 5.9 8.3 7.5 0.0 0 1 3 3 3
-520.9 -12124.4 -9.6 13 0 7.7 10.2 5.0 2.5 2 1 2 3 3
-2504.4 -12503.0 -9.4 281 0 10.5 11.9 7.5 2.5 2 1 3 4 4
-2934.2 -12718.6 -15.4 272 0 24.5 17.1 12.5 0.0 0 0 5 5 5
-748.3 -12603.1 -8.1 111 0 6.7 7.4 5.0 2.5 4 1 2 4 4
-2904.2 -12688.6 -14.7 277 0 12.1 20.5 5.0 2.5 2 1 2 2 2
-814.6 -12548.7 -7.6 104 0 7.3 9.7 5.0 2.5 2 1 2 5 5
-2598.3 -12415.7 -7.4 273 0 8.4 14.2 7.5 2.5 4 1 3 4 4
-1163.9 -12709.0 -11.0 109 0 7.6 10.5 5.0 2.5 2 1 2 0 0
-2363.6 -12559.0 -10.5 278 0 7.0 10.7 7.5 2.5 2 1 3 1 1
-2787.4 -12047.4 -11.3 184 0 9.7 17.6 7.5 2.5 2 1 3 5 5
-581.5 -12512.2 -7.5 15 0 7.9 10.4 2.5 2.5 2 1 1 3 3
-715.3 -12465.1 -7.4 19 0 11.6 8.4 2.5 2.5 2 0 1 3 3
-2399.9 -12544.7 -10.1 190 0 10.0 5.7 7.5 0.0 0 0 3 0 0
-616.4 -12785.1 -11.3 19 0 11.6 7.3 2.5 2.5 2 0 1 1 1
-916.4 -12544.9 -7.6 114 0 10.5 12.4 5.0 2.5 2 1 2 5 5
-670.7 -12794.8 -11.6 201 0 10.1 7.8 7.5 0.0 0 0 3 4 4
-3049.9 -12098.9 -5.6 290 0 6.3 11.0 2.5 2.5 2 1 1 2 2
-2299.8 -12651.9 -12.5 7 0 12.3 8.8 5.0 2.5 2 0 2 1 1
-644.3 -12174.7 -9.8 18 0 12.3 9.1 2.5 2.5 2 0 1 0 0
-2674.0 -12316.8 -10.1 105 0 10.2 38.9 12.5 2.5 4 1 5 4 4
-2911.0 -12775.8 -16.3 97 0 37.8 7.9 5.0 2.5 2 0 2 4 4
-571.6 -12479.3 -7.4 21 0 13.1 6.2 2.5 2.5 2 0 1 4 4
-440.9 -12687.4 -9.1 16 0 11.1 12.4 5.0 2.5 2 1 2 5 5
-841.8 -12574.9 -7.8 115 0 12.2 8.6 5.0 0.0 0 0 2 1 1
-2324.1 -12470.1 -8.3 281 0 7.1 11.0 7.5 2.5 4 1 3 4 4
-2633.9 -12420.4 -7.4 183 0 10.4 8.5 7.5 0.0 0 0 3 1 1
-2912.3 -12720.3 -15.5 273 0 13.2 24.2 7.5 2.5 2 1 3 5 5
-2371.4 -12723.4 -14.2 196 0 9.8 15.0 7.5 2.5 2 1 3 0 0
-610.5 -12830.9 -12.1 29 0 7.3 10.8 5.0 2.5 2 1 2 2 2
-580.3 -12580.9 -7.6 29 0 7.0 31.7 5.0 2.5 2 1 2 1 1
-455.4 -12136.5 -9.2 286 0 8.7 11.0 7.5 2.5 2 1 3 5 5
-468.5 -12694.2 -9.2 102 0 10.1 10.6 7.5 2.5 2 1 3 0 0
-2312.4 -12615.8 -11.7 11 0 11.3 8.5 7.5 2.5 2 0 3 1 1
-2731.9 -12231.3 -10.9 192 0 11.9 32.2 10.0 2.5 2 1 4 0 0
-2327.8 -12463.5 -8.0 4 0 16.5 9.3 2.5 2.5 2 0 1 2 2
-696.3 -12633.2 -8.8 292 0 4.4 19.2 2.5 2.5 2 1 1 3 3
-1092.5 -12626.5 -9.2 31 0 6.4 7.5 5.0 2.5 2 1 2 2 2
-3014.0 -12096.4 -6.4 286 0 12.2 25.4 7.5 2.5 2 1 3 5 5
-683.9 -12248.5 -9.2 112 0 7.0 12.9 7.5 2.5 4 1 3 3 3
-2900.3 -12768.2 -16.1 93 0 12.4 46.3 12.5 0.0 0 1 5 3 3
-562.6 -12443.7 -7.4 30 0 9.9 8.7 2.5 2.5 2 0 1 4 4
-3021.4 -12172.8 -5.3 107 0 10.0 11.0 7.5 2.5 2 1 3 1 1
-635.7 -12777.8 -11.2 207 0 11.8 8.8 5.0 2.5 2 0 2 4 4
-2766.2 -12215.9 -9.9 19 0 15.4 6.5 2.5 2.5 2 0 1 0 0
-502.0 -12552.7 -7.8 235 0 4.8 6.8 5.0 2.5 2 1 2 5 5
-320.8 -11814.0 -10.8 22 0 10.8 19.8 10.0 2.5 2 1 4 5 5
-2691.5 -12311.5 -9.0 110 0 20.7 11.4 10.0 2.5 2 0 4 0 0
-460.6 -12173.5 -9.0 204 0 10.8 14.0 5.0 2.5 2 1 2 0 0
-1237.1 -12506.1 -7.6 114 0 6.3 14.2 7.5 0.0 0 1 3 4 4
-590.1 -12465.3 -7.4 207 0 11.3 8.6 5.0 0.0 0 0 2 2 2
-456.7 -12675.1 -8.9 14 0 9.1 12.6 5.0 0.0 0 1 2 5 5
-689.3 -12535.2 -7.5 293 0 10.0 12.3 2.5 2.5 2 1 1 4 4
-668.5 -12732.9 -10.3 28 0 7.4 16.0 2.5 2.5 2 1 1 4 4
-872.4 -12493.6 -7.5 187 0 11.0 11.0 7.5 0.0 0 1 3 2 2
-687.4 -12646.6 -8.9 292 0 8.1 10.2 5.0 2.5 2 1 2 2 2
-2997.7 -12120.9 -6.4 286 0 9.8 12.4 7.5 2.5 2 1 3 2 2
-2315.9 -12655.4 -12.6 18 0 10.4 6.4 5.0 2.5 2 0 2 1 1
-2915.0 -12765.9 -16.1 93 0 13.4 20.5 7.5 2.5 2 1 3 4 4
-1189.2 -12287.3 -9.4 17 0 11.2 7.4 5.0 2.5 2 0 2 1 1
-517.2 -12730.9 -9.9 111 0 6.3 10.3 5.0 2.5 2 1 2 3 3
-592.2 -12307.7 -8.5 201 0 6.6 14.4 7.5 2.5 2 1 3 3 3
-804.9 -12537.9 -7.6 104 0 8.8 21.5 5.0 2.5 2 1 2 4 4
-1219.1 -12579.7 -8.7 293 0 5.6 9.0 5.0 2.5 2 1 2 0 0
-569.6 -12201.4 -9.3 290 0 9.9 15.5 5.0 2.5 2 1 2 2 2
-1205.8 -12435.1 -8.1 298 0 9.7 6.1 7.5 0.0 0 0 3 1 1
-2792.1 -12088.3 -11.1 196 0 10.8 6.7 5.0 2.5 2 0 2 3 3
-1267.2 -12505.8 -7.6 113 0 12.2 7.3 7.5 2.5 2 0 3 4 4
-2846.9 -12534.6 -10.5 9 0 12.3 7.6 5.0 2.5 2 0 2 0 0
-347.8 -12643.4 -9.4 111 0 7.8 19.8 7.5 2.5 2 1 3 4 4
-539.7 -12456.4 -7.4 29 0 6.9 11.3 2.5 2.5 2 1 1 0 0
-664.1 -12725.7 -10.2 24 0 7.2 7.2 2.5 2.5 2 0 1 4 4
-546.1 -12525.6 -7.5 208 0 4.3 10.5 5.0 2.5 2 1 2 2 2
-2720.2 -12295.3 -9.2 201 0 12.1 20.6 7.5 2.5 2 1 3 2 2
-329.6 -12223.6 -8.2 14 0 11.0 8.6 5.0 2.5 2 0 2 0 0
-397.1 -11923.5 -10.4 110 0 8.8 9.0 7.5 2.5 2 1 3 4 4
-2336.8 -12689.7 -13.4 200 0 6.8 10.4 5.0 2.5 2 1 2 2 2
-1325.1 -12241.9 -10.2 198 0 9.5 18.2 7.5 2.5 2 1 3 4 4
-642.3 -12247.0 -9.2 112 0 10.7 8.2 2.5 2.5 2 0 1 4 4
-627.1 -12633.9 -8.5 39 0 11.8 13.4 5.0 2.5 2 1 2 2 2
-1230.1 -12577.0 -8.7 295 0 7.3 10.2 5.0 2.5 4 1 2 5 5
-541.9 -12494.7 -7.4 198 0 13.5 11.0 2.5 2.5 2 0 1 3 3
-519.3 -12741.1 -10.4 287 0 7.6 14.7 2.5 2.5 2 1 1 3 3
-508.8 -12417.5 -7.6 100 0 5.7 11.6 7.5 2.5 2 1 3 4 4
-649.7 -12704.2 -9.8 24 0 12.5 9.9 2.5 2.5 2 0 1 3 3
-559.3 -12555.2 -7.6 203 0 6.2 6.9 5.0 2.5 2 1 2 1 1
-483.9 -12430.1 -7.3 282 0 10.3 6.8 7.5 2.5 2 0 3 2 2
-2337.4 -12749.9 -14.5 105 0 5.5 6.3 5.0 2.5 2 1 2 3 3
-595.9 -12236.9 -9.2 108 0 5.4 13.7 7.5 2.5 2 1 3 5 5
-590.3 -12351.3 -8.2 118 0 8.5 12.2 5.0 2.5 2 1 2 3 3
-2758.7 -12329.3 -7.4 195 0 16.2 6.5 5.0 2.5 2 0 2 4 4
-683.1 -12626.4 -8.4 109 0 12.3 18.5 2.5 0.0 0 1 1 0 0
-544.4 -12732.8 -10.3 290 0 9.4 18.2 2.5 2.5 4 1 1 3 3
-361.7 -11818.9 -10.9 107 0 14.1 10.9 5.0 2.5 2 0 2 0 0
-2388.0 -12615.7 -11.6 93 0 8.1 20.3 7.5 2.5 2 1 3 2 2
-2284.2 -12708.8 -14.2 287 0 15.6 38.3 7.5 2.5 2 1 3 0 0
-480.7 -12400.4 -7.8 23 0 17.3 19.3 10.0 2.5 2 1 4 3 3
-350.7 -12238.0 -8.0 15 0 11.1 11.1 10.0 2.5 2 1 4 5 5
-2750.1 -12124.8 -11.6 21 0 5.8 13.8 2.5 2.5 2 1 1 1 1
-316.4 -12662.5 -9.6 18 0 8.3 12.1 5.0 2.5 2 1 2 5 5
-357.7 -12622.9 -9.3 108 0 12.7 20.2 7.5 2.5 4 1 3 5 5
-2857.5 -12324.7 -6.7 8 0 29.9 17.1 10.0 2.5 2 0 4 1 1
-1570.1 -12314.4 -10.6 298 0 6.8 15.3 2.5 2.5 4 1 1 2 2
-1336.6 -12656.2 -10.3 111 0 9.6 11.9 5.0 2.5 2 1 2 3 3
-759.6 -12395.4 -8.0 115 0 12.6 9.2 5.0 0.0 0 0 2 2 2
-1509.7 -12542.2 -8.6 203 0 10.2 14.5 7.5 2.5 2 1 3 4 4
-2857.6 -11701.5 -9.0 23 0 6.3 9.8 7.5 2.5 2 1 3 4 4
-907.2 -12548.0 -7.6 117 0 6.2 10.1 7.5 2.5 2 1 3 0 0
-867.0 -12654.3 -9.5 292 0 7.7 13.9 5.0 2.5 2 1 2 5 5
-1587.0 -12326.4 -10.6 121 0 7.4 10.4 5.0 2.5 2 1 2 2 2
-1953.6 -12347.5 -11.7 194 0 6.3 9.0 7.5 2.5 2 1 3 1 1
-913.8 -12776.0 -11.8 0 0 7.6 6.7 2.5 2.5 2 0 1 2 2
-770.1 -12303.7 -8.7 288 0 6.0 18.0 5.0 2.5 2 1 2 0 0
-1520.5 -12587.6 -9.4 109 0 11.5 11.7 5.0 2.5 2 1 2 3 3
-787.9 -12710.6 -10.2 4 0 9.5 9.5 5.0 2.5 4 0 2 5 5
-2890.6 -11699.7 -8.6 114 0 6.7 13.6 5.0 2.5 2 1 2 5 5
-1327.6 -12662.1 -10.4 104 0 5.2 25.8 2.5 2.5 2 1 1 2 2
-927.3 -12593.5 -8.2 107 0 9.6 8.0 5.0 2.5 2 0 2 0 0
-1531.3 -12551.1 -8.8 197 0 9.2 12.0 5.0 2.5 2 1 2 4 4
-1213.2 -12813.8 -13.2 109 0 12.4 11.3 5.0 2.5 2 0 2 1 1
-902.4 -12688.1 -10.3 281 0 18.7 19.3 10.0 2.5 2 1 4 3 3
-1229.6 -12755.2 -12.2 202 0 11.9 7.0 2.5 2.5 2 0 1 2 2
-1938.1 -12101.7 -14.5 203 0 8.8 7.3 7.5 2.5 2 0 3 2 2
-2105.7 -12131.5 -15.0 288 0 9.7 12.7 5.0 2.5 2 1 2 1 1
-1445.3 -12580.3 -9.2 16 0 10.6 16.2 5.0 2.5 2 1 2 4 4
-915.0 -12837.1 -12.9 115 0 9.1 7.3 2.5 2.5 2 0 1 2 2
-1279.9 -12675.0 -10.6 105 0 9.5 21.3 7.5 2.5 2 1 3 1 1
-2094.1 -12153.8 -14.7 289 0 21.8 15.5 10.0 2.5 2 0 4 5 5
-1092.2 -12714.6 -11.1 273 0 6.2 10.8 5.0 2.5 4 1 2 5 5
-1521.1 -12522.5 -8.2 200 0 9.4 11.3 5.0 2.5 2 1 2 1 1
-2840.7 -11745.1 -9.4 14 0 21.7 11.3 5.0 2.5 2 0 2 3 3
-867.1 -12686.0 -10.2 289 0 8.0 18.2 2.5 2.5 2 1 1 5 5
-1959.3 -12279.7 -12.8 288 0 18.7 9.7 7.5 2.5 2 0 3 1 1
-1939.0 -12084.0 -14.7 204 0 8.3 8.7 2.5 2.5 2 1 1 1 1
-2150.7 -12105.4 -15.4 293 0 7.4 16.0 5.0 2.5 2 1 2 5 5
-918.8 -12845.7 -13.1 118 0 9.6 7.5 5.0 2.5 4 0 2 1 1
-1484.9 -12569.3 -9.0 108 0 12.1 9.4 5.0 2.5 2 0 2 2 2
-1384.4 -12591.7 -9.2 107 0 9.5 10.9 5.0 2.5 2 1 2 1 1
-1439.8 -12373.6 -9.4 303 0 6.0 12.5 7.5 2.5 4 1 3 1 1
-2162.6 -12125.5 -15.3 203 0 12.6 9.6 7.5 0.0 0 0 3 1 1
-742.6 -12316.0 -8.7 117 0 14.0 10.5 5.0 2.5 2 0 2 1 1
-1757.1 -12369.8 -10.9 294 0 14.2 15.1 5.0 2.5 2 1 2 4 4
-1641.5 -12258.7 -11.6 124 0 4.7 9.2 7.5 2.5 2 1 3 2 2
-1040.6 -12302.9 -9.1 20 0 7.9 6.2 5.0 2.5 4 0 2 1 1
-991.1 -12732.5 -11.2 281 0 10.8 6.9 7.5 2.5 2 0 3 0 0
-1440.0 -12547.4 -8.5 18 0 9.3 9.1 5.0 2.5 2 0 2 0 0
-1085.3 -12815.4 -12.9 112 0 4.4 10.6 5.0 2.5 2 1 2 0 0
-1134.6 -12720.9 -11.3 266 0 10.7 8.8 7.5 2.5 2 0 3 5 5
-1660.5 -12256.4 -11.7 137 0 6.3 10.9 7.5 2.5 2 1 3 5 5
-1052.6 -12850.6 -13.5 113 0 11.4 14.0 7.5 2.5 2 1 3 3 3
-1022.2 -12717.1 -11.0 285 0 3.9 8.9 7.5 2.5 2 1 3 4 4
-1951.4 -12167.4 -14.0 114 0 6.3 9.0 2.5 2.5 2 1 1 0 0
-1897.2 -12173.6 -13.6 109 0 12.8 6.1 5.0 2.5 2 0 2 4 4
-1836.7 -12188.9 -13.1 305 0 7.4 5.6 7.5 2.5 2 0 3 0 0
-988.9 -12362.8 -8.5 197 0 7.2 10.5 5.0 2.5 2 1 2 3 3
-1047.2 -12334.0 -8.9 21 0 11.6 10.2 10.0 2.5 2 0 4 2 2
-1861.0 -12350.4 -11.6 135 0 7.8 11.1 5.0 2.5 2 1 2 4 4
-990.2 -12743.5 -11.4 285 0 12.4 9.6 5.0 2.5 2 0 2 2 2
-943.7 -12390.6 -8.2 110 0 7.8 7.1 7.5 2.5 4 0 3 3 3
-1064.1 -12838.7 -13.3 108 0 8.5 11.3 5.0 2.5 2 1 2 4 4
-1582.1 -12254.5 -11.4 30 0 5.7 10.2 2.5 2.5 2 1 1 2 2
-1727.2 -12410.6 -10.2 297 0 8.3 11.1 7.5 2.5 2 1 3 3 3
-1953.3 -12149.8 -14.2 114 0 10.5 16.5 2.5 2.5 2 1 1 1 1
-964.9 -12842.5 -13.2 122 0 12.1 17.6 10.0 2.5 2 1 4 4 4
-1037.4 -12292.8 -9.2 19 0 11.8 5.9 2.5 2.5 2 0 1 2 2
-1810.0 -12212.8 -12.8 34 0 7.5 8.9 7.5 2.5 2 1 3 3 3
-1851.8 -12360.2 -11.5 135 0 14.1 10.8 2.5 2.5 2 0 1 1 1
-2898.4 -11695.9 -8.5 115 0 6.3 15.8 2.5 2.5 2 1 1 4 4
-1024.1 -12839.0 -13.2 109 0 7.3 13.7 5.0 2.5 2 1 2 1 1
-1803.6 -12360.2 -11.3 117 0 10.5 8.5 7.5 2.5 2 0 3 0 0
-1830.0 -12192.8 -13.0 306 0 5.1 7.0 7.5 2.5 2 1 3 4 4
-810.4 -12729.0 -10.5 89 0 8.1 9.5 5.0 2.5 2 1 2 3 3
-1551.2 -12331.9 -10.4 21 0 5.1 9.2 5.0 2.5 2 1 2 3 3
-2900.3 -11617.0 -8.2 294 0 9.1 8.8 5.0 0.0 0 0 2 4 4
-1351.1 -12622.3 -9.8 279 0 10.2 5.3 7.5 2.5 2 0 3 0 0
-1117.9 -12779.4 -12.3 105 0 9.7 6.4 2.5 2.5 2 0 1 4 4
-1947.5 -12124.3 -14.4 204 0 16.6 7.3 5.0 2.5 2 0 2 2 2
-1471.6 -12473.7 -8.5 275 0 12.2 6.6 5.0 0.0 0 0 2 3 3
-1817.1 -12400.2 -10.6 123 0 16.6 9.1 2.5 2.5 4 0 1 5 5
-2845.0 -11712.8 -9.3 22 0 16.2 6.7 7.5 2.5 2 0 3 1 1
-900.2 -12564.2 -7.9 289 0 4.2 14.0 5.0 2.5 4 1 2 3 3
-1443.8 -12395.6 -9.2 115 0 11.0 8.2 7.5 0.0 0 0 3 0 0
-888.6 -12795.2 -12.1 17 0 8.2 8.1 2.5 2.5 2 0 1 5 5
-1123.7 -12796.2 -12.6 116 0 7.2 6.3 7.5 2.5 2 0 3 4 4
-1834.3 -12383.7 -11.1 129 0 9.6 8.1 5.0 2.5 4 0 2 3 3
-2867.1 -11745.2 -9.2 200 0 9.3 12.3 2.5 2.5 2 1 1 2 2
-1673.3 -12421.3 -9.9 297 0 6.1 12.5 5.0 2.5 2 1 2 5 5
-2016.3 -12242.8 -13.4 279 0 7.1 9.0 5.0 2.5 2 1 2 0 0
-1180.5 -12781.4 -12.4 105 0 11.0 7.9 2.5 2.5 2 0 1 0 0
-396.9 -11553.4 -12.7 204 0 24.5 13.7 7.5 0.0 0 0 3 5 5
-1964.5 -11907.3 -14.8 114 0 11.0 7.4 7.5 2.5 2 0 3 1 1
-2272.3 -12517.3 -9.3 288 0 9.9 8.1 5.0 2.5 2 0 2 3 3
-1789.3 -11888.1 -14.9 34 0 9.0 15.0 5.0 2.5 2 1 2 4 4
-1985.2 -11960.4 -15.4 203 0 7.6 18.3 5.0 0.0 0 1 2 0 0
-2151.2 -12011.3 -15.5 210 0 7.0 9.1 7.5 2.5 2 1 3 2 2
-1957.8 -11965.4 -15.4 104 0 8.1 8.0 5.0 2.5 2 0 2 2 2
-2112.2 -11914.9 -14.6 207 0 6.3 6.7 5.0 2.5 2 1 2 4 4
-2349.1 -11990.3 -14.8 106 0 17.0 18.5 10.0 2.5 2 1 4 2 2
-2219.9 -12045.4 -15.6 109 0 10.9 8.8 5.0 2.5 2 0 2 1 1
-2677.8 -11900.8 -12.5 15 0 11.7 9.1 7.5 2.5 2 0 3 4 4
-2272.0 -11720.9 -12.2 19 0 13.4 21.0 10.0 2.5 2 1 4 2 2
-2495.5 -12067.1 -15.2 115 0 5.9 11.6 5.0 2.5 2 1 2 1 1
-2699.1 -11883.2 -12.2 294 0 13.4 16.1 5.0 2.5 4 1 2 2 2
-2328.4 -11743.1 -12.4 197 0 12.7 12.6 2.5 0.0 0 0 1 3 3
-2471.0 -12015.9 -14.8 288 0 11.1 5.9 7.5 2.5 2 0 3 4 4
-1943.0 -11991.2 -15.4 111 0 10.2 11.0 2.5 2.5 2 1 1 2 2
-1990.4 -11903.8 -14.7 116 0 10.4 5.5 5.0 2.5 2 0 2 2 2
-2302.8 -12003.4 -15.0 107 0 11.0 11.8 7.5 2.5 2 1 3 1 1
-2465.9 -12002.3 -14.7 287 0 11.8 11.8 2.5 2.5 2 1 1 3 3
-2273.2 -11779.5 -12.8 108 0 13.2 7.4 2.5 2.5 2 0 1 3 3
-2298.4 -11945.6 -14.5 297 0 10.9 10.0 10.0 2.5 4 0 4 1 1
-1987.8 -11896.0 -14.6 113 0 10.3 6.3 7.5 2.5 2 0 3 3 3
-1837.7 -11873.9 -14.8 308 0 7.0 13.0 2.5 0.0 0 1 1 5 5
-2274.6 -11735.6 -12.4 16 0 13.9 19.6 7.5 2.5 4 1 3 2 2
-460.2 -11881.8 -10.9 26 0 9.9 8.5 7.5 2.5 2 0 3 2 2
-1884.4 -11912.8 -15.0 18 0 6.4 9.1 5.0 2.5 2 1 2 3 3
-1819.4 -11836.3 -14.4 206 0 7.8 12.9 7.5 2.5 4 1 3 2 2
-1963.0 -11862.0 -14.3 302 0 8.1 5.9 7.5 2.5 2 0 3 3 3
-2644.3 -11922.0 -13.3 108 0 17.2 12.4 5.0 0.0 0 0 2 1 1
-1867.0 -11877.4 -14.8 219 0 14.4 15.5 5.0 0.0 0 1 2 4 4
-1825.1 -11848.2 -14.5 205 0 10.7 10.4 5.0 0.0 0 0 2 1 1
-1870.0 -12127.7 -14.0 26 0 8.3 12.8 7.5 2.5 2 1 3 4 4
-2123.8 -11892.5 -14.3 212 0 7.1 8.1 5.0 2.5 2 1 2 5 5
-2625.4 -11929.2 -13.5 115 0 8.7 11.1 7.5 2.5 2 1 3 1 1
-2684.4 -11926.7 -12.5 284 0 9.8 22.2 7.5 2.5 2 1 3 0 0
-2148.2 -11965.4 -15.0 217 0 7.0 6.9 7.5 2.5 2 0 3 5 5
-1881.4 -11937.2 -15.2 115 0 6.6 8.9 5.0 2.5 2 1 2 2 2
-1971.2 -11923.0 -15.0 197 0 9.0 14.3 5.0 2.5 2 1 2 1 1
-2158.0 -11993.3 -15.3 212 0 11.3 12.8 7.5 2.5 2 1 3 4 4
-2002.5 -11844.3 -14.1 289 0 5.7 11.4 7.5 2.5 2 1 3 3 3
-1953.8 -11911.2 -14.8 116 0 10.1 9.3 5.0 2.5 2 0 2 3 3
-2230.3 -12658.4 -12.4 92 0 10.5 20.9 2.5 2.5 2 1 1 1 1
-1916.0 -11973.5 -15.4 296 0 8.6 12.7 5.0 2.5 2 1 2 1 1
-2689.1 -12060.9 -12.7 281 0 6.6 10.8 2.5 2.5 2 1 1 5 5
-2006.1 -11913.9 -14.7 110 0 6.9 25.7 5.0 0.0 0 1 2 1 1
-1924.9 -11978.4 -15.4 22 0 9.8 8.1 7.5 2.5 2 0 3 3 3
-411.7 -11613.4 -12.5 55 0 11.3 23.2 10.0 2.5 2 1 4 0 0
-2812.8 -11306.7 -6.9 289 0 9.8 11.1 7.5 2.5 2 1 3 1 1
-1944.8 -12427.9 -8.5 108 0 12.1 11.6 7.5 2.5 2 0 3 3 3
-317.1 -11177.0 -13.3 20 0 36.8 14.7 10.0 2.5 2 0 4 3 3
-2922.1 -11446.7 -7.4 296 0 7.7 9.4 2.5 2.5 2 1 1 1 1
-2933.7 -11420.5 -7.2 299 0 7.6 10.7 2.5 2.5 4 1 1 5 5
-2192.9 -12508.8 -8.9 193 0 9.7 11.0 2.5 2.5 2 1 1 4 4
-2104.5 -12619.1 -11.5 278 0 6.9 9.1 5.0 2.5 2 1 2 4 4
-638.1 -11354.3 -13.5 117 0 10.8 13.9 7.5 2.5 2 1 3 5 5
-2933.6 -11462.6 -7.4 199 0 6.7 9.5 5.0 2.5 2 1 2 2 2
-2180.6 -12527.6 -9.2 101 0 7.5 7.9 5.0 2.5 2 1 2 3 3
-2832.6 -11505.2 -8.9 203 0 5.3 10.5 2.5 2.5 2 1 1 2 2
-2028.9 -12127.3 -14.6 291 0 6.3 17.1 7.5 2.5 2 1 3 2 2
-2886.5 -11430.8 -8.0 285 0 12.7 14.4 5.0 2.5 2 1 2 4 4
-2839.9 -11490.1 -8.7 207 0 5.0 10.4 7.5 2.5 2 1 3 4 4
-2057.4 -12059.7 -15.5 206 0 9.1 8.4 5.0 2.5 2 0 2 0 0
-685.2 -11365.5 -13.2 15 0 9.6 27.3 7.5 0.0 0 1 3 3 3
-2822.7 -11543.3 -9.2 15 0 21.0 14.3 10.0 2.5 2 0 4 0 0
-2062.3 -12079.4 -15.3 201 0 11.1 5.5 5.0 2.5 2 0 2 5 5
-2059.3 -12032.6 -15.6 107 0 14.8 18.5 7.5 2.5 2 1 3 1 1
-669.9 -11344.6 -13.3 19 0 6.6 37.0 2.5 2.5 4 1 1 0 0
-742.4 -11392.0 -13.1 102 0 32.5 13.7 10.0 2.5 2 0 4 1 1
-791.7 -11786.6 -12.9 226 0 16.3 14.8 2.5 2.5 2 0 1 2 2
-2831.9 -11413.6 -8.0 285 0 15.1 10.9 7.5 2.5 2 0 3 3 3
-2092.0 -12068.5 -15.6 22 0 9.2 6.7 2.5 2.5 2 0 1 5 5
-805.6 -11248.9 -14.4 22 0 19.3 27.7 10.0 2.5 2 1 4 0 0
-2060.6 -11849.2 -14.1 202 0 7.4 17.0 5.0 2.5 2 1 2 3 3
-2757.4 -11502.9 -9.0 20 0 12.2 7.6 5.0 2.5 2 0 2 5 5
-2074.2 -11851.0 -14.0 200 0 9.9 7.1 2.5 0.0 0 0 1 2 2
-1937.2 -12237.3 -13.1 293 0 11.0 9.5 2.5 2.5 2 0 1 2 2
-2077.1 -11838.2 -13.9 201 0 6.6 14.1 7.5 2.5 2 1 3 2 2
-2829.8 -11323.7 -7.0 198 0 12.8 8.7 5.0 2.5 2 0 2 2 2
-2059.3 -11805.9 -13.6 294 0 13.0 7.8 7.5 2.5 2 0 3 4 4
-578.8 -11466.0 -13.9 263 0 13.1 42.5 7.5 0.0 0 1 3 4 4
-542.7 -11426.3 -14.1 170 0 9.6 9.3 7.5 2.5 2 0 3 2 2
-778.6 -12812.1 -12.1 16 0 3.8 9.2 5.0 2.5 2 1 2 2 2
-744.4 -12513.5 -7.5 21 0 5.7 6.7 2.5 2.5 2 1 1 0 0
-690.0 -12432.9 -7.5 294 0 9.2 7.8 2.5 2.5 2 0 1 3 3
-425.6 -12785.7 -10.9 285 0 9.9 8.4 5.0 0.0 0 0 2 0 0
-457.4 -12788.9 -10.9 95 0 9.2 8.8 7.5 2.5 2 0 3 2 2
-759.0 -12603.1 -8.1 109 0 7.3 19.7 5.0 2.5 2 1 2 5 5
-821.1 -12513.2 -7.5 283 0 9.7 8.6 5.0 0.0 0 0 2 4 4
-1304.7 -12385.4 -8.7 195 0 10.0 9.0 7.5 2.5 2 0 3 1 1
-1314.6 -12399.7 -8.6 199 0 12.1 7.1 7.5 2.5 2 0 3 4 4
-1303.8 -12471.6 -8.0 122 0 10.1 8.1 5.0 2.5 2 0 2 4 4
-1282.2 -12162.9 -10.9 212 0 6.9 7.1 2.5 2.5 4 1 1 5 5
-1042.4 -12541.2 -7.6 108 0 8.9 4.7 7.5 0.0 0 0 3 5 5
-1307.5 -12403.9 -8.5 200 0 7.7 11.5 2.5 2.5 2 1 1 4 4
-1322.0 -12466.7 -8.0 207 0 7.3 11.2 5.0 0.0 0 1 2 1 1
-1042.9 -12458.2 -7.7 200 0 6.7 8.3 7.5 2.5 2 1 3 2 2
-1295.8 -12372.1 -8.7 214 0 4.6 8.3 5.0 2.5 2 1 2 2 2
-2869.8 -11667.7 -8.8 24 0 5.7 8.8 5.0 2.5 2 1 2 2 2
-2996.4 -11629.6 -6.7 200 0 9.5 8.3 5.0 0.0 0 0 2 5 5
-3038.5 -11637.5 -6.0 199 0 10.0 9.1 7.5 2.5 4 0 3 4 4
-2914.4 -11689.5 -8.1 113 0 5.1 11.2 2.5 0.0 0 1 1 3 3
-3041.8 -11617.0 -5.9 201 0 8.6 9.5 5.0 2.5 2 1 2 5 5
-3029.0 -11569.7 -6.0 207 0 13.0 9.0 5.0 2.5 2 0 2 3 3
-3037.3 -11488.1 -5.7 117 0 10.1 18.8 7.5 2.5 2 1 3 0 0
-2987.5 -11634.7 -6.8 202 0 6.4 6.7 2.5 2.5 2 1 1 3 3
-2931.3 -11674.5 -7.8 106 0 7.8 5.5 5.0 2.5 2 0 2 4 4
-3002.6 -11601.5 -6.5 197 0 5.2 6.6 5.0 2.5 2 1 2 2 2
-3032.0 -11631.6 -6.0 114 0 7.3 12.1 7.5 2.5 2 1 3 3 3
-2999.4 -11591.7 -6.5 198 0 14.4 6.5 5.0 2.5 2 0 2 5 5
-2161.9 -12523.4 -9.2 23 0 10.0 6.5 7.5 2.5 2 0 3 1 1
-2881.0 -11676.1 -8.6 296 0 6.9 6.0 5.0 2.5 4 0 2 1 1
-2772.7 -12246.8 -9.2 13 0 9.0 9.9 7.5 2.5 2 1 3 5 5
-2943.1 -12154.0 -7.0 38 0 6.0 11.0 7.5 2.5 2 1 3 2 2
-2914.6 -12083.2 -9.0 100 0 7.2 12.1 7.5 2.5 2 1 3 3 3
-2726.6 -12114.2 -12.3 200 0 8.2 10.3 7.5 2.5 2 1 3 5 5
-1788.9 -12449.8 -8.0 318 0 8.5 5.5 7.5 2.5 2 0 3 4 4
-3053.7 -11008.2 -6.1 204 0 9.5 11.4 7.5 2.5 2 1 3 4 4
-683.8 -12160.9 -9.9 199 0 6.4 11.9 7.5 2.5 2 1 3 3 3
-1794.1 -12443.1 -8.3 322 0 6.1 5.5 5.0 2.5 2 0 2 0 0
-2634.0 -11331.8 -7.5 199 0 8.7 11.2 2.5 2.5 2 1 1 0 0
-2626.1 -11409.5 -8.3 120 0 5.9 13.4 5.0 0.0 0 1 2 1 1
-1372.3 -12410.3 -8.8 119 0 10.8 7.3 5.0 2.5 2 0 2 2 2
-1434.6 -12560.1 -8.7 13 0 5.8 8.6 2.5 2.5 2 1 1 1 1
-1004.9 -12700.2 -10.6 288 0 12.6 9.6 7.5 2.5 2 0 3 2 2
-535.7 -12402.7 -7.7 27 0 6.3 10.2 7.5 2.5 2 1 3 2 2
-1717.7 -11997.6 -14.6 294 0 11.2 9.3 5.0 2.5 4 0 2 5 5
-1682.3 -12602.9 -10.2 18 0 14.1 8.1 7.5 2.5 2 0 3 2 2
-1681.6 -12048.3 -13.9 299 0 7.4 5.2 2.5 2.5 2 0 1 5 5
-1736.7 -12030.5 -14.3 203 0 6.1 12.7 5.0 2.5 2 1 2 2 2
-1725.6 -12226.6 -12.3 46 0 11.1 6.4 2.5 0.0 0 0 1 4 4
-1790.9 -12497.9 -8.1 205 0 15.8 14.3 10.0 2.5 2 0 4 5 5
-324.7 -11751.9 -11.1 290 0 8.3 6.8 5.0 2.5 4 0 2 3 3
-1686.4 -12540.1 -8.8 118 0 9.4 9.0 5.0 2.5 2 0 2 2 2
-1908.7 -11871.5 -14.6 301 0 7.2 8.7 2.5 0.0 0 1 1 3 3
-1721.1 -12542.6 -9.1 289 0 7.4 10.1 2.5 2.5 2 1 1 2 2
-1817.2 -12031.8 -14.8 117 0 8.8 6.9 7.5 2.5 4 0 3 5 5
-2624.8 -11162.2 -6.6 192 0 8.0 25.3 5.0 2.5 2 1 2 4 4
-1809.5 -12018.4 -14.8 299 0 8.9 7.5 7.5 2.5 2 0 3 4 4
-1769.4 -12555.8 -9.3 108 0 8.9 8.7 5.0 2.5 2 0 2 3 3
-338.4 -12642.6 -9.4 113 0 7.3 9.6 7.5 2.5 2 1 3 3 3
-2950.0 -11444.6 -7.1 208 0 8.3 10.2 2.5 2.5 2 1 1 1 1
-1828.5 -12027.2 -14.9 119 0 8.7 10.3 7.5 2.5 2 1 3 1 1
-1637.6 -12062.4 -13.6 133 0 6.4 12.0 7.5 2.5 2 1 3 0 0
-402.1 -11074.4 -13.6 231 0 26.8 24.4 10.0 0.0 0 0 4 1 1
-432.4 -11132.3 -13.5 202 0 35.0 14.4 10.0 2.5 2 0 4 5 5
-1904.5 -11765.9 -13.5 116 0 6.9 8.1 7.5 2.5 2 1 3 1 1
-3043.3 -10956.3 -6.7 203 0 10.2 8.9 5.0 0.0 0 0 2 5 5
4778.9 6373.7 -11.2 176 0 5.3 6.7 7.5 0.0 0 1 3 2 2
4843.1 6413.3 -12.1 352 0 5.3 6.5 5.0 2.5 2 1 2 5 5
4860.4 6359.6 -11.8 345 0 7.0 6.4 5.0 2.5 4 0 2 5 5
4853.1 6393.5 -11.9 349 0 6.7 7.2 5.0 2.5 2 1 2 5 5
-404.2 -11269.7 -14.0 201 0 25.5 50.8 10.0 0.0 0 1 4 0 0
-515.7 -11151.9 -13.7 110 0 15.1 31.1 7.5 0.0 0 1 3 1 1
-550.6 -10999.8 -12.9 202 0 34.4 38.0 7.5 0.0 0 1 3 1 1
-2995.1 -12745.1 -15.8 183 0 10.1 30.5 10.0 2.5 2 1 4 3 3
1394.3 -5578.0 -4.2 311 0 11.2 11.4 2.5 2.5 2 1 1 0 0
