885.2 -3299.8 -1.2 345 0 181.8 167.0 5.0 0.0 0 0 2 4 4
-762.5 -6150.3 -3.2 141 0 10.5 11.3 2.5 2.5 2 1 1 0 0
4231.8 -6682.8 -11.6 40 0 23.7 16.2 3.5 3.5 2 0 1 2 2
3831.7 -6880.8 -11.4 309 0 20.3 18.2 7.0 3.5 2 0 2 1 1
3644.5 -6800.8 -10.5 222 0 10.1 34.2 7.0 0.0 0 1 2 5 5
1872.3 -5347.2 -2.6 157 0 60.4 57.2 14.0 0.0 0 0 4 0 0
4338.6 -6522.2 -11.3 220 0 28.1 52.0 7.0 0.0 0 1 2 5 5
3860.9 -6471.5 -9.2 310 0 17.3 22.5 7.0 3.5 2 1 2 0 0
3796.3 -6426.5 -9.0 218 0 9.0 63.1 10.5 3.5 4 1 3 0 0
3789.8 -6436.4 -8.9 218 0 9.9 41.6 7.0 3.5 2 1 2 1 1
3803.8 -6545.6 -9.4 42 0 9.4 20.5 7.5 2.5 2 1 3 1 1
3784.1 -6508.8 -9.2 308 0 13.5 20.1 7.5 2.5 2 1 3 0 0
3760.3 -6492.9 -9.0 311 0 16.1 16.8 7.5 2.5 2 1 3 4 4
3660.9 -6455.0 -8.4 75 0 14.5 50.1 7.0 3.5 2 1 2 1 1
3645.5 -6456.9 -8.4 72 0 11.5 47.9 3.5 3.5 2 1 1 1 1
3599.2 -6473.5 -8.3 24 0 7.4 32.2 3.5 3.5 2 1 1 1 1
3602.9 -6475.6 -8.5 179 0 7.1 41.1 3.5 3.5 2 1 1 3 3
-3170.5 -8469.0 -3.9 208 0 12.2 8.9 5.0 2.5 2 0 2 5 5
4150.8 -6796.8 -11.9 311 0 29.2 13.7 17.5 3.5 2 0 5 0 0
-1101.3 -6153.4 -6.9 112 0 70.9 39.6 5.0 0.0 0 0 2 4 4
-1156.6 -6290.5 -8.2 115 0 116.4 75.0 5.0 0.0 0 0 2 1 1
-2959.2 -8580.9 -5.2 139 0 23.2 25.5 10.0 2.5 2 0 4 3 3
171.8 -4838.7 -0.7 87 0 50.6 26.6 7.5 0.0 0 0 3 5 5
-32.3 -4411.1 -1.2 126 0 16.8 31.4 22.5 0.0 0 1 9 2 2
-501.9 -5767.5 -2.0 283 0 9.0 69.0 5.0 2.5 2 1 2 2 2
548.5 -4228.1 -2.0 169 0 108.7 78.7 5.0 0.0 0 0 2 1 1
-1940.8 1596.7 -2.3 17 0 32.7 25.4 7.5 0.0 0 0 3 4 4
-16.2 -4369.4 -1.2 215 0 11.3 20.7 14.0 2.5 2 1 4 4 4
-455.1 2107.5 -1.5 157 0 455.7 72.3 5.0 0.0 0 0 2 5 5
3558.4 -6422.6 -8.0 247 0 32.1 12.9 17.5 3.5 2 0 5 5 5
-910.3 1355.7 0.2 8 0 37.3 98.6 14.0 0.0 0 1 4 0 0
-1999.4 1548.7 -3.0 201 0 19.2 39.7 10.0 0.0 0 1 4 1 1
116.4 -4512.0 -1.5 44 0 14.7 20.6 7.5 2.5 2 1 3 2 2
-324.9 -5455.2 -2.1 196 0 40.5 8.5 7.5 2.5 2 0 3 0 0
-512.8 -5363.0 -3.1 105 0 7.2 22.2 7.0 2.5 2 1 2 4 4
-433.9 -4986.9 -2.1 70 0 6.4 11.0 10.5 2.5 2 1 3 0 0
-426.2 -5044.6 -2.0 4 0 14.0 9.2 7.0 2.5 4 0 2 2 2
-1684.7 -7199.9 -2.3 259 0 10.7 20.4 10.5 2.5 2 1 3 4 4
4946.7 -5971.7 -11.3 134 0 25.1 32.9 14.0 0.0 0 0 4 5 5
1279.8 -6246.2 1.8 253 0 99.0 55.7 14.0 0.0 0 0 4 3 3
-2036.3 2052.3 -0.4 195 0 29.7 18.3 10.0 0.0 0 0 4 3 3
359.3 -6527.9 2.4 101 0 12.7 21.2 12.5 2.5 2 1 5 5 5
-282.9 -5698.9 -0.4 20 0 10.0 12.6 7.5 2.5 2 1 3 1 1
284.1 -5243.2 0.4 172 0 23.0 15.4 5.0 2.5 2 0 2 0 0
-3150.5 -8531.4 -5.1 206 0 10.8 35.7 15.0 0.0 0 1 6 4 4
-3184.7 -8512.3 -4.2 127 0 31.2 11.6 10.0 2.5 2 0 4 5 5
4319.2 -6568.5 -11.3 129 0 13.6 24.7 17.5 3.5 4 1 5 5 5
1687.7 -2122.4 3.4 102 0 20.0 12.6 5.0 2.5 2 0 2 1 1
1750.0 -2081.2 4.1 11 0 16.1 10.6 7.5 2.5 2 0 3 0 0
1759.6 -2054.9 4.4 13 0 29.7 11.9 12.5 2.5 2 0 5 5 5
1605.0 -1973.0 3.5 282 0 17.0 50.9 10.0 2.5 2 1 4 2 2
-782.1 -2684.0 2.5 334 0 25.6 13.4 10.0 0.0 0 0 4 5 5
2002.6 -2983.2 -0.6 226 0 38.2 246.0 10.5 0.0 0 1 3 4 4
-819.5 -2624.3 0.4 245 0 14.0 14.4 5.0 2.5 2 1 2 0 0
-869.8 -2682.9 0.2 244 0 12.6 44.9 12.5 2.5 2 1 5 4 4
-893.7 -2636.5 -1.8 242 0 12.1 44.7 15.0 0.0 0 1 6 0 0
-762.4 -2710.0 3.9 271 0 9.7 50.6 7.5 2.5 4 1 3 2 2
1910.7 -3078.7 -0.6 137 0 165.2 21.0 10.5 0.0 0 0 3 4 4
3023.4 -4088.4 -1.7 195 0 30.5 99.9 14.0 0.0 0 1 4 3 3
3232.2 -4376.5 -2.1 286 0 100.7 50.2 14.0 0.0 0 0 4 5 5
2296.0 -2140.0 3.6 193 0 72.9 14.0 10.0 2.5 2 0 4 2 2
2310.9 -2074.8 3.6 192 0 18.4 13.7 7.5 2.5 2 0 3 0 0
2268.4 -2029.9 5.1 13 0 41.5 25.2 7.5 0.0 0 0 3 4 4
1807.7 -1065.9 6.1 283 0 24.5 115.1 10.0 0.0 0 1 4 5 5
1429.7 -1238.8 6.7 193 0 39.7 64.1 10.0 0.0 0 1 4 2 2
1407.7 -1293.5 5.9 283 0 64.8 29.1 5.0 0.0 0 0 2 0 0
1793.3 -2336.9 1.8 282 0 45.5 20.1 12.5 2.5 2 0 5 3 3
1669.6 -2310.6 1.3 283 0 74.3 20.2 7.5 2.5 2 0 3 3 3
1194.6 -1991.2 0.3 282 0 86.7 18.7 10.0 0.0 0 0 4 0 0
1029.6 -1719.9 0.4 10 0 17.4 21.4 5.0 2.5 2 1 2 3 3
-1926.0 -106.7 -2.3 345 0 78.8 113.2 10.0 0.0 0 1 4 2 2
-253.0 -1362.9 2.2 157 0 19.1 12.3 2.5 2.5 2 0 1 5 5
-273.8 -1303.9 5.4 159 0 22.4 10.0 7.5 2.5 2 0 3 3 3
