-5487.4 12668.7 -13.3 274 0 21.0 14.1 14.0 3.5 2 0 4 4 4
-5544.1 12526.2 -13.0 149 0 13.1 24.9 14.0 0.0 0 1 4 2 2
-5298.4 12443.0 -12.1 2 0 12.5 16.5 14.0 0.0 0 1 4 3 3
-5684.3 12762.4 -14.1 10 0 6.4 14.0 10.5 3.5 2 1 3 0 0
-5540.2 12721.3 -13.6 283 0 5.1 10.0 10.5 3.5 2 1 3 4 4
-5766.8 12309.3 -12.3 102 0 9.5 6.2 5.0 2.5 2 0 2 0 0
-5724.3 12762.4 -14.2 280 0 6.1 18.3 10.5 3.5 2 1 3 0 0
-5646.6 12555.7 -13.4 95 0 9.8 12.3 10.5 0.0 0 1 3 3 3
-5550.2 12345.4 -12.0 13 0 5.2 9.9 10.5 3.5 2 1 3 1 1
-5688.9 12522.2 -13.2 192 0 5.7 10.7 10.5 3.5 2 1 3 0 0
-5460.0 12628.5 -13.1 288 0 8.4 7.5 10.5 0.0 0 0 3 5 5
-5618.6 12544.6 -13.3 95 0 14.6 13.5 14.0 3.5 2 0 4 0 0
-5393.1 12363.0 -12.1 98 0 7.9 9.1 10.5 3.5 2 1 3 1 1
-5668.0 12756.9 -14.1 262 0 5.3 25.3 10.5 3.5 2 1 3 2 2
-5569.2 12702.3 -13.6 281 0 8.4 11.8 10.5 3.5 4 1 3 1 1
-5551.9 12374.9 -12.0 8 0 16.3 7.8 10.5 3.5 2 0 3 2 2
-5304.8 12465.3 -12.2 103 0 9.3 11.4 10.5 3.5 2 1 3 5 5
-5552.1 12683.3 -13.5 281 0 7.0 12.5 10.5 0.0 0 1 3 2 2
-5689.2 12701.9 -14.0 278 0 11.6 8.6 10.5 3.5 2 0 3 1 1
-5752.9 12629.8 -13.9 189 0 8.0 5.4 10.5 3.5 2 0 3 0 0
-5546.0 12355.7 -12.0 12 0 12.9 6.4 10.5 3.5 2 0 3 5 5
-5614.1 12663.6 -13.6 277 0 5.5 11.4 10.5 3.5 2 1 3 2 2
-5553.5 12716.4 -13.6 195 0 6.7 7.3 10.5 3.5 4 1 3 1 1
-5459.7 12688.4 -13.2 279 0 6.2 13.1 10.5 3.5 4 1 3 4 4
-5791.0 12579.6 -13.5 185 0 5.6 12.7 10.5 0.0 0 1 3 0 0
-5700.4 12678.2 -13.9 191 0 7.5 11.3 10.5 3.5 2 1 3 2 2
-5743.7 12658.9 -14.0 95 0 5.5 14.0 10.5 3.5 2 1 3 3 3
-5584.6 12451.4 -12.8 188 0 5.4 6.8 10.5 3.5 2 1 3 0 0
-5637.6 12538.3 -13.3 99 0 9.5 6.7 10.5 3.5 2 0 3 4 4
-5758.1 12307.1 -12.3 103 0 6.0 8.8 7.5 2.5 2 1 3 5 5
-5501.7 12573.4 -13.0 269 0 7.5 14.3 10.5 3.5 2 1 3 5 5
-5608.9 12717.8 -13.8 282 0 12.9 7.5 10.5 3.5 2 0 3 4 4
-5341.4 12485.4 -12.3 105 0 7.3 5.0 10.5 3.5 4 0 3 1 1
-5746.6 12627.9 -13.9 189 0 9.3 4.8 10.5 3.5 2 0 3 5 5
-5474.1 12381.0 -12.4 105 0 4.8 9.4 10.5 0.0 0 1 3 5 5
-5604.2 12600.9 -13.4 279 0 8.0 7.4 10.5 0.0 0 0 3 4 4
-5263.6 12290.2 -12.0 357 0 12.9 8.3 10.5 3.5 2 0 3 3 3
-5564.4 12356.6 -12.1 195 0 4.5 9.0 10.5 3.5 2 1 3 1 1
-5712.0 12691.1 -14.0 197 0 7.0 13.3 10.5 3.5 2 1 3 4 4
-5601.3 12703.0 -13.7 281 0 7.8 10.5 10.5 0.0 0 1 3 5 5
-5607.7 12429.3 -12.5 188 0 9.9 5.3 10.5 3.5 2 0 3 2 2
-5339.8 12491.1 -12.3 102 0 6.7 5.2 10.5 3.5 2 0 3 5 5
-5470.3 12689.8 -13.3 279 0 5.5 9.1 10.5 3.5 2 1 3 5 5
-5353.6 12355.2 -12.0 96 0 9.0 6.2 10.5 3.5 2 0 3 0 0
-5549.9 12565.4 -13.2 94 0 7.1 11.6 10.5 3.5 2 1 3 3 3
-5594.8 12677.0 -13.6 277 0 6.9 7.0 10.5 3.5 2 1 3 3 3
-5584.8 12441.9 -12.7 188 0 9.9 5.6 10.5 3.5 4 0 3 3 3
-5710.2 12645.2 -13.9 188 0 12.6 5.6 10.5 3.5 2 0 3 5 5
-5278.8 12361.3 -11.8 12 0 12.9 5.5 10.5 3.5 2 0 3 2 2
-5514.4 12334.1 -12.0 18 0 11.4 5.2 10.5 3.5 2 0 3 4 4
-5593.0 12430.7 -12.6 188 0 4.7 10.6 10.5 3.5 2 1 3 0 0
-5718.2 12439.5 -12.2 104 0 5.6 7.8 10.5 3.5 2 1 3 0 0
-5534.4 12764.9 -13.7 274 0 6.1 15.0 10.5 0.0 0 1 3 5 5
-5480.8 12692.7 -13.3 279 0 9.7 11.1 10.5 3.5 2 1 3 2 2
-5708.2 12631.0 -13.8 191 0 9.4 10.1 10.5 3.5 2 1 3 1 1
-5278.2 12331.5 -11.7 16 0 12.4 5.9 10.5 3.5 2 0 3 4 4
-5772.6 12572.4 -13.5 188 0 13.6 9.4 10.5 3.5 2 0 3 3 3
-5340.6 12524.6 -12.4 288 0 10.3 5.9 10.5 3.5 4 0 3 1 1
-5588.1 12290.8 -12.0 109 0 5.6 8.3 10.5 3.5 2 1 3 5 5
-5356.2 12378.1 -12.1 106 0 6.4 10.7 10.5 3.5 2 1 3 5 5
-5705.4 12718.7 -14.1 279 0 20.0 16.8 14.0 3.5 2 0 4 5 5
-5793.8 12353.7 -12.4 284 0 12.0 5.4 7.5 2.5 4 0 3 5 5
-5518.8 12292.5 -11.9 12 0 6.4 15.5 10.5 3.5 2 1 3 2 2
-5502.0 12767.9 -13.6 12 0 7.3 6.2 10.5 3.5 2 0 3 4 4
-5678.6 12724.6 -14.0 6 0 5.5 11.4 10.5 3.5 2 1 3 4 4
-5689.9 12755.0 -14.1 10 0 9.2 15.1 10.5 3.5 2 1 3 5 5
-5278.1 12292.1 -11.6 91 0 4.0 9.9 10.5 3.5 4 1 3 4 4
-5312.6 12328.3 -11.8 106 0 5.9 14.1 10.5 3.5 4 1 3 1 1
-5578.5 12313.9 -12.0 109 0 9.2 19.9 10.5 3.5 2 1 3 5 5
-5355.6 12347.1 -12.0 96 0 12.5 6.4 10.5 3.5 2 0 3 1 1
-5510.3 12520.3 -12.9 188 0 6.2 12.5 10.5 3.5 2 1 3 2 2
-5770.5 12584.4 -13.6 184 0 8.4 7.6 10.5 0.0 0 0 3 3 3
-5696.1 12600.4 -13.7 193 0 8.5 5.0 10.5 3.5 2 0 3 1 1
-5505.9 12785.8 -13.7 192 0 7.0 10.7 10.5 3.5 2 1 3 5 5
-5626.9 12513.5 -13.3 99 0 13.0 7.9 10.5 3.5 2 0 3 0 0
-5595.3 12600.9 -13.4 281 0 7.0 7.7 10.5 3.5 2 1 3 1 1
-5283.4 12510.4 -12.2 11 0 7.3 6.9 10.5 3.5 2 0 3 1 1
-5619.8 12688.1 -13.7 285 0 5.8 7.7 10.5 3.5 2 1 3 5 5
-5632.6 12675.1 -13.7 278 0 12.0 6.7 10.5 3.5 2 0 3 4 4
-5483.0 12494.1 -12.8 105 0 6.0 7.0 10.5 3.5 2 1 3 0 0
-5759.4 12526.5 -13.2 95 0 6.4 12.5 10.5 3.5 2 1 3 3 3
-5719.2 12540.8 -13.4 100 0 7.6 8.4 10.5 3.5 2 1 3 0 0
-5446.9 12636.9 -13.1 13 0 6.1 8.0 10.5 3.5 2 1 3 3 3
-5828.6 12299.7 -12.4 191 0 6.5 7.8 7.5 2.5 2 1 3 2 2
-5703.6 12601.7 -13.7 189 0 8.2 6.2 10.5 3.5 2 0 3 4 4
-5826.4 12523.4 -12.3 180 0 7.6 10.4 10.5 3.5 2 1 3 2 2
-5494.4 12595.6 -13.1 282 0 5.7 7.4 10.5 0.0 0 1 3 1 1
-5668.7 12515.1 -13.2 102 0 8.0 6.0 10.5 3.5 2 0 3 1 1
-5360.3 12428.7 -12.2 95 0 15.6 6.9 10.5 3.5 2 0 3 4 4
-5742.5 12639.8 -13.9 190 0 12.0 12.5 14.0 0.0 0 1 4 2 2
-5443.9 12626.7 -13.0 282 0 8.0 5.9 10.5 3.5 2 0 3 0 0
-5702.3 12422.6 -12.2 110 0 5.3 13.5 10.5 3.5 2 1 3 2 2
-5701.0 12611.2 -13.7 189 0 6.9 6.8 10.5 3.5 4 0 3 3 3
-5566.7 12350.1 -12.1 195 0 6.2 6.6 10.5 3.5 2 1 3 5 5
-5728.6 12561.1 -13.5 100 0 8.2 8.2 10.5 3.5 2 1 3 1 1
-5579.8 12470.2 -13.0 188 0 6.2 9.6 10.5 3.5 2 1 3 0 0
-5465.7 12636.9 -13.1 290 0 4.8 13.2 10.5 3.5 2 1 3 1 1
-5730.5 12527.1 -13.2 194 0 9.1 10.9 10.5 3.5 2 1 3 2 2
-5515.1 12738.2 -13.6 4 0 6.6 9.4 10.5 3.5 2 1 3 4 4
-5610.6 12394.8 -12.0 183 0 4.9 13.3 10.5 3.5 2 1 3 0 0
-5678.1 12438.4 -12.0 103 0 8.4 7.3 10.5 3.5 2 0 3 5 5
-5277.1 12378.4 -11.9 11 0 17.6 17.7 14.0 3.5 4 1 4 4 4
-5291.2 12513.4 -12.3 12 0 11.1 4.8 10.5 3.5 2 0 3 5 5
-5820.7 12532.2 -12.5 182 0 6.2 8.6 10.5 3.5 2 1 3 2 2
-5323.9 12523.8 -12.4 284 0 13.5 7.0 10.5 3.5 2 0 3 3 3
-5693.0 12731.5 -14.1 281 0 3.9 7.9 10.5 3.5 2 1 3 4 4
-5732.4 12443.4 -12.2 104 0 5.1 8.9 10.5 3.5 2 1 3 4 4
-5256.6 12342.8 -11.7 19 0 11.7 6.5 10.5 3.5 2 0 3 2 2
-5503.6 12760.0 -13.6 11 0 7.5 5.9 10.5 3.5 2 0 3 0 0
-5429.7 12353.6 -12.2 107 0 6.3 11.1 10.5 3.5 2 1 3 5 5
-5806.9 12523.6 -12.6 95 0 7.1 9.2 10.5 3.5 2 1 3 2 2
-5675.4 12528.3 -13.3 189 0 8.6 5.3 10.5 3.5 2 0 3 4 4
-5657.9 12572.4 -13.5 98 0 4.3 8.8 10.5 3.5 2 1 3 1 1
-5504.6 12752.9 -13.6 11 0 5.8 8.1 10.5 3.5 2 1 3 1 1
-5642.9 12517.6 -13.3 99 0 8.8 4.2 10.5 3.5 2 0 3 4 4
-5694.0 12425.1 -12.2 112 0 6.4 16.5 10.5 0.0 0 1 3 0 0
-5537.2 12591.8 -13.2 274 0 7.0 6.3 10.5 3.5 2 0 3 4 4
-5636.5 12553.8 -13.4 95 0 7.4 14.5 10.5 3.5 4 1 3 1 1
-5727.6 12550.0 -13.4 98 0 9.9 9.9 10.5 3.5 2 0 3 3 3
-5600.3 12425.5 -12.5 188 0 5.4 5.7 10.5 3.5 2 1 3 4 4
-5600.6 12613.7 -13.4 281 0 7.5 9.2 10.5 3.5 2 1 3 4 4
-5523.0 12774.8 -13.7 195 0 5.3 11.9 10.5 3.5 2 1 3 3 3
-5525.2 12670.4 -13.4 295 0 4.6 12.7 10.5 3.5 2 1 3 0 0
-5611.9 12593.8 -13.4 279 0 10.0 6.7 10.5 0.0 0 0 3 2 2
-5501.3 12501.9 -12.8 97 0 9.0 6.7 10.5 3.5 2 0 3 1 1
-5358.8 12513.2 -12.5 287 0 12.7 6.2 10.5 3.5 2 0 3 1 1
-5775.5 12541.6 -13.3 95 0 7.7 9.9 10.5 0.0 0 1 3 5 5
-5675.8 12485.3 -13.0 99 0 6.5 10.9 10.5 3.5 2 1 3 2 2
-5514.0 12378.7 -12.4 102 0 4.7 9.6 10.5 3.5 2 1 3 2 2
-5491.2 12468.8 -12.7 104 0 11.1 7.1 10.5 3.5 2 0 3 2 2
-5373.7 12489.2 -12.4 96 0 9.7 4.6 10.5 3.5 2 0 3 2 2
-5481.2 12425.7 -12.6 104 0 17.4 11.0 14.0 3.5 4 0 4 1 1
-5370.4 12494.3 -12.4 96 0 7.5 4.4 10.5 3.5 2 0 3 4 4
-5542.2 12372.9 -12.0 11 0 17.4 7.9 10.5 0.0 0 0 3 4 4
-5651.9 12571.2 -13.5 99 0 4.6 10.0 10.5 0.0 0 1 3 3 3
-5490.4 12703.6 -13.4 279 0 10.3 6.1 10.5 3.5 2 0 3 4 4
-5788.3 12373.5 -12.4 282 0 5.8 7.8 7.5 2.5 2 1 3 5 5
-5641.7 12612.2 -13.6 277 0 14.3 16.3 14.0 3.5 2 1 4 0 0
-5414.7 12679.7 -13.1 3 0 9.9 4.3 10.5 3.5 2 0 3 0 0
-5597.1 12446.2 -12.8 188 0 6.6 9.3 10.5 3.5 2 1 3 5 5
-5673.0 12603.3 -13.6 188 0 10.9 6.2 10.5 3.5 2 0 3 2 2
-5792.7 12758.6 -14.4 285 0 6.3 11.5 10.5 3.5 2 1 3 3 3
-5617.8 12429.6 -12.4 188 0 7.3 9.4 10.5 3.5 2 1 3 1 1
-5504.0 12512.4 -12.9 187 0 4.9 8.3 10.5 3.5 2 1 3 5 5
-5322.6 12496.9 -12.3 16 0 7.4 10.0 10.5 3.5 2 1 3 4 4
-5596.7 12685.7 -13.6 277 0 11.7 6.2 10.5 3.5 4 0 3 4 4
-5434.0 12730.6 -13.3 289 0 11.7 6.4 10.5 3.5 4 0 3 1 1
-5596.6 12293.4 -12.0 107 0 9.2 20.3 10.5 0.0 0 1 3 0 0
-5384.2 12359.8 -12.1 97 0 6.5 12.7 10.5 3.5 2 1 3 5 5
-5629.4 12491.0 -13.1 99 0 5.8 9.3 10.5 3.5 2 1 3 2 2
-5516.3 12613.0 -13.2 281 0 10.8 10.2 14.0 3.5 4 0 4 3 3
-5616.2 12616.1 -13.5 279 0 18.2 8.1 10.5 3.5 2 0 3 0 0
-5556.0 12720.1 -13.6 285 0 5.7 6.3 10.5 0.0 0 1 3 3 3
-5808.1 12511.4 -12.2 96 0 6.5 5.8 10.5 3.5 4 0 3 2 2
-5765.9 12687.7 -14.1 183 0 6.4 9.9 10.5 3.5 2 1 3 4 4
-5607.8 12438.3 -12.7 188 0 4.9 7.6 10.5 0.0 0 1 3 5 5
-5558.7 12709.6 -13.6 195 0 7.5 14.3 10.5 3.5 4 1 3 2 2
-5532.5 12616.2 -13.3 279 0 13.3 9.8 10.5 3.5 2 0 3 0 0
-5297.8 12391.2 -11.9 94 0 6.3 12.4 10.5 3.5 2 1 3 4 4
-5562.3 12656.4 -13.5 195 0 7.2 10.7 10.5 3.5 4 1 3 2 2
-5743.5 12285.6 -12.2 97 0 11.0 10.5 2.5 2.5 4 0 1 4 4
-5800.5 12762.4 -14.5 283 0 8.4 15.3 10.5 3.5 2 1 3 4 4
-5572.5 12286.8 -12.0 104 0 7.0 15.1 10.5 3.5 2 1 3 3 3
-5609.3 12481.0 -13.1 99 0 6.0 14.9 10.5 3.5 2 1 3 3 3
-5524.5 12679.5 -13.4 288 0 14.0 6.8 10.5 3.5 2 0 3 0 0
-5783.0 12313.6 -12.4 34 0 4.8 8.6 2.5 2.5 2 1 1 2 2
-5117.6 12629.6 -12.1 290 0 7.4 11.2 10.5 3.5 2 1 3 5 5
-5226.4 12689.0 -12.6 272 0 6.4 15.6 10.5 3.5 2 1 3 1 1
-5183.3 12532.9 -12.0 12 0 7.1 5.3 10.5 3.5 2 0 3 2 2
-4805.0 12828.0 -10.2 285 0 9.6 10.9 5.0 2.5 2 1 2 4 4
-5087.1 12304.4 -10.7 270 0 21.0 12.3 14.0 3.5 2 0 4 0 0
-5182.4 12524.4 -12.0 12 0 6.9 9.1 10.5 3.5 2 1 3 0 0
-4918.6 12385.6 -11.3 94 0 13.0 5.6 10.5 3.5 2 0 3 1 1
-4902.4 12339.9 -10.6 258 0 7.3 16.0 10.5 3.5 2 1 3 4 4
-5168.3 12373.4 -12.8 98 0 17.7 7.0 10.5 3.5 2 0 3 4 4
-5037.2 12475.6 -13.0 272 0 7.0 5.4 10.5 0.0 0 0 3 0 0
-4872.9 12436.8 -12.1 283 0 18.3 39.1 14.0 3.5 2 1 4 5 5
-4875.2 12304.9 -10.6 91 0 12.9 8.8 10.5 3.5 2 0 3 0 0
-5305.7 12660.5 -12.7 191 0 5.4 13.0 10.5 3.5 2 1 3 1 1
-5146.5 12682.2 -12.3 285 0 13.3 15.4 14.0 3.5 2 1 4 5 5
-4866.0 12344.4 -10.9 266 0 6.6 11.3 10.5 3.5 2 1 3 5 5
-4950.4 12394.7 -11.6 180 0 12.1 14.3 14.0 3.5 4 1 4 1 1
-4927.5 12335.1 -10.5 255 0 12.1 20.3 10.5 3.5 2 1 3 5 5
-5291.4 12701.1 -12.8 195 0 8.2 3.9 10.5 3.5 2 0 3 3 3
-5188.5 12517.5 -12.0 11 0 6.4 6.0 10.5 3.5 2 0 3 0 0
-5279.8 12638.4 -12.6 199 0 7.9 8.2 10.5 3.5 2 1 3 1 1
-5233.2 12713.8 -12.7 293 0 12.2 6.2 10.5 3.5 2 0 3 4 4
-5307.2 12653.1 -12.7 193 0 6.4 18.2 10.5 3.5 2 1 3 5 5
-5256.8 12712.8 -12.7 292 0 9.7 6.9 10.5 3.5 2 0 3 5 5
-5064.8 12461.7 -12.8 192 0 6.4 5.0 10.5 3.5 2 0 3 3 3
-5265.1 12697.4 -12.7 289 0 7.1 4.4 10.5 3.5 2 0 3 5 5
-5021.6 12470.8 -13.4 278 0 8.1 5.5 10.5 3.5 4 0 3 0 0
-5265.4 12639.5 -12.5 199 0 12.0 8.4 10.5 3.5 2 0 3 5 5
-4875.4 12340.6 -10.8 267 0 6.7 10.7 10.5 3.5 2 1 3 5 5
-5132.6 12459.7 -11.9 284 0 5.8 7.1 10.5 3.5 2 1 3 1 1
-5197.2 12528.6 -12.0 12 0 5.1 12.9 10.5 3.5 2 1 3 0 0
-4909.7 12391.5 -11.4 93 0 8.6 5.2 10.5 0.0 0 0 3 3 3
-5272.9 12624.2 -12.5 193 0 7.0 5.0 10.5 3.5 2 0 3 5 5
-5170.6 12355.3 -12.7 98 0 17.7 11.6 14.0 3.5 2 0 4 2 2
-5058.7 12459.9 -12.7 191 0 5.6 8.7 10.5 3.5 2 1 3 0 0
-5228.1 12554.2 -12.2 14 0 8.4 8.7 10.5 0.0 0 1 3 0 0
-5237.7 12514.6 -12.1 12 0 6.1 14.1 10.5 0.0 0 1 3 0 0
-5295.8 12628.4 -12.6 193 0 8.8 8.1 10.5 3.5 2 0 3 0 0
-5220.2 12504.6 -12.0 12 0 16.1 7.0 10.5 3.5 2 0 3 1 1
-5187.1 12350.2 -12.7 103 0 15.8 6.7 10.5 3.5 2 0 3 2 2
-5331.1 12586.7 -12.6 282 0 10.8 7.1 10.5 3.5 2 0 3 4 4
-5170.8 12530.3 -12.0 12 0 6.3 11.9 10.5 3.5 2 1 3 0 0
-5286.0 12683.3 -12.7 190 0 8.7 9.0 10.5 3.5 4 1 3 4 4
-5224.5 12535.1 -12.1 16 0 6.0 9.7 10.5 3.5 2 1 3 1 1
-4899.7 12856.1 -10.6 281 0 14.7 7.2 10.5 3.5 4 0 3 2 2
-5025.1 12422.5 -12.2 8 0 10.8 5.7 10.5 3.5 2 0 3 3 3
-5080.2 12563.5 -11.8 108 0 6.7 7.9 10.5 3.5 4 1 3 3 3
-5235.5 12546.3 -12.2 11 0 8.9 7.7 10.5 3.5 2 0 3 3 3
-5283.4 12694.4 -12.7 194 0 11.0 6.6 10.5 3.5 2 0 3 5 5
-5354.2 12482.8 -12.4 101 0 7.0 4.7 10.5 3.5 2 0 3 3 3
-5238.0 12490.8 -12.0 10 0 5.3 7.6 10.5 3.5 2 1 3 3 3
-5292.3 12735.2 -12.9 199 0 8.9 9.0 10.5 3.5 2 1 3 2 2
-5018.4 12401.2 -12.0 8 0 10.6 5.9 10.5 3.5 2 0 3 0 0
-5257.4 12522.0 -12.2 14 0 5.2 9.1 10.5 3.5 2 1 3 3 3
-4708.6 12817.8 -10.3 271 0 7.2 6.9 7.5 2.5 2 0 3 5 5
-5099.8 12448.1 -13.0 284 0 16.3 18.9 14.0 3.5 2 1 4 0 0
-5233.6 12631.1 -12.4 292 0 9.3 6.8 10.5 3.5 2 0 3 4 4
-5016.7 12440.0 -12.5 9 0 5.9 7.0 10.5 3.5 2 1 3 0 0
-5272.5 12712.0 -12.8 290 0 6.9 12.0 10.5 0.0 0 1 3 5 5
-4742.0 12384.5 -10.9 280 0 4.5 13.8 10.5 3.5 2 1 3 5 5
-5026.1 12432.8 -12.7 9 0 6.6 10.4 10.5 0.0 0 1 3 4 4
-5025.1 12402.2 -12.0 8 0 11.4 4.7 10.5 3.5 2 0 3 0 0
-5184.6 12463.1 -11.8 280 0 9.1 6.6 10.5 3.5 4 0 3 5 5
-4761.8 12339.0 -11.0 180 0 8.1 13.0 10.5 3.5 2 1 3 4 4
-4729.6 12381.0 -10.7 278 0 5.9 11.1 10.5 3.5 2 1 3 0 0
-5229.1 12471.6 -12.0 0 0 6.9 7.7 10.5 3.5 2 1 3 5 5
-5163.7 12594.8 -12.1 106 0 4.5 11.9 10.5 3.5 2 1 3 0 0
-4698.9 12370.0 -10.4 287 0 17.7 11.8 14.0 3.5 2 0 4 2 2
-5087.3 12326.0 -11.1 84 0 12.5 19.2 14.0 3.5 2 1 4 4 4
-5218.3 12473.6 -11.9 3 0 10.0 5.7 10.5 3.5 4 0 3 0 0
-5077.6 12586.4 -11.8 109 0 7.3 4.8 10.5 3.5 2 0 3 2 2
-5133.7 12321.2 -12.0 92 0 11.1 8.5 10.5 3.5 2 0 3 5 5
-5250.6 12648.2 -12.5 14 0 6.8 8.3 10.5 0.0 0 1 3 2 2
-4766.8 12361.5 -11.2 176 0 6.9 7.3 10.5 3.5 2 1 3 4 4
-5088.6 12369.0 -12.3 104 0 12.9 7.1 10.5 3.5 2 0 3 0 0
-5209.4 12474.1 -11.9 1 0 10.1 7.4 10.5 3.5 2 0 3 2 2
-4755.7 12320.3 -10.9 181 0 8.2 5.6 10.5 3.5 2 0 3 3 3
-5004.3 12445.1 -12.6 8 0 5.7 14.8 10.5 3.5 2 1 3 3 3
-5257.8 12668.4 -12.6 281 0 5.8 12.2 10.5 3.5 2 1 3 3 3
-4945.2 12347.2 -10.9 90 0 12.8 20.1 14.0 3.5 2 1 4 5 5
-5178.1 12512.7 -11.9 11 0 9.9 10.0 10.5 3.5 2 1 3 0 0
-4736.2 12382.8 -10.8 279 0 5.8 12.7 10.5 0.0 0 1 3 3 3
-5040.9 12581.4 -11.7 16 0 6.5 13.1 10.5 3.5 2 1 3 1 1
-5070.8 12318.9 -11.1 90 0 13.7 23.4 14.0 3.5 2 1 4 4 4
-4721.1 12300.4 -10.9 95 0 7.8 7.9 10.5 3.5 2 1 3 1 1
-5163.7 12548.1 -12.0 15 0 6.3 21.1 10.5 3.5 4 1 3 1 1
-5238.6 12522.0 -12.1 16 0 4.9 8.4 10.5 3.5 4 1 3 5 5
-5101.4 12575.9 -11.9 103 0 9.8 15.2 10.5 3.5 2 1 3 3 3
-4938.1 12318.4 -10.6 255 0 12.4 20.0 10.5 3.5 2 1 3 4 4
-5022.6 12809.4 -11.8 100 0 12.2 6.8 10.5 0.0 0 0 3 2 2
-4760.4 12537.9 -13.6 195 0 28.3 18.2 14.0 3.5 4 0 4 5 5
-4930.2 12814.7 -11.4 281 0 9.1 5.7 10.5 0.0 0 0 3 1 1
-4704.3 12354.4 -10.4 288 0 9.0 4.0 10.5 3.5 2 0 3 2 2
-5028.4 12799.8 -12.2 284 0 4.4 8.2 10.5 3.5 2 1 3 5 5
-4722.8 12543.8 -13.3 272 0 30.3 11.2 14.0 3.5 2 0 4 5 5
-4910.3 12826.0 -11.2 274 0 7.2 9.6 10.5 3.5 2 1 3 5 5
-4767.8 12842.5 -10.2 282 0 13.1 5.8 5.0 2.5 2 0 2 2 2
-5060.9 12827.6 -11.9 283 0 11.1 13.1 10.5 3.5 2 1 3 0 0
-4673.7 12552.3 -12.5 269 0 65.7 20.5 14.0 0.0 0 0 4 4 4
-4771.4 12368.4 -11.3 176 0 5.5 9.2 10.5 3.5 2 1 3 4 4
-4751.0 12406.8 -11.5 96 0 7.1 5.2 10.5 0.0 0 0 3 1 1
-4808.3 12790.4 -10.8 10 0 6.2 22.6 7.5 2.5 2 1 3 0 0
-4928.1 12828.4 -11.2 272 0 7.6 10.7 10.5 0.0 0 1 3 0 0
-4899.2 12736.1 -12.2 94 0 13.3 7.8 10.5 3.5 2 0 3 0 0
-4773.4 12829.7 -10.2 283 0 5.0 7.6 5.0 0.0 0 1 2 4 4
-4688.7 12336.4 -10.5 18 0 12.6 7.9 10.5 3.5 2 0 3 4 4
-5050.7 12823.2 -11.9 280 0 7.6 9.2 10.5 3.5 2 1 3 3 3
-4761.0 12824.8 -10.2 286 0 4.3 8.5 5.0 2.5 4 1 2 4 4
-4729.1 12361.1 -10.6 279 0 5.8 11.0 10.5 3.5 2 1 3 4 4
-4602.2 12580.3 -11.0 185 0 7.7 8.4 10.5 3.5 2 1 3 0 0
-4382.6 12291.9 -11.6 188 0 10.5 12.0 14.0 3.5 2 1 4 2 2
-4403.1 12394.0 -11.3 82 0 5.9 7.6 10.5 0.0 0 1 3 1 1
-4632.6 12412.6 -11.6 107 0 6.8 17.8 10.5 3.5 4 1 3 5 5
-3698.4 12321.8 -11.0 22 0 14.7 6.7 10.5 3.5 2 0 3 5 5
-3486.9 12780.5 -12.7 272 0 7.7 9.9 10.5 3.5 2 1 3 5 5
-3646.1 12614.5 -12.3 11 0 7.6 10.2 10.5 3.5 2 1 3 2 2
-3766.1 12725.2 -12.0 284 0 10.3 9.3 10.5 3.5 2 0 3 1 1
-4455.8 12617.3 -10.3 4 0 7.0 12.1 10.5 3.5 2 1 3 3 3
-4530.8 12539.6 -10.8 189 0 5.5 8.9 10.5 3.5 2 1 3 5 5
-4570.6 12304.4 -11.3 98 0 6.8 7.6 10.5 3.5 2 1 3 4 4
-4252.7 12506.2 -10.5 1 0 5.8 10.0 10.5 3.5 2 1 3 1 1
-4588.8 12556.3 -11.4 283 0 5.0 13.6 10.5 3.5 4 1 3 1 1
-4301.1 12538.6 -10.5 293 0 6.7 12.7 10.5 3.5 2 1 3 1 1
-4600.4 12601.1 -10.8 185 0 7.3 8.2 10.5 3.5 2 1 3 1 1
-3893.0 12411.1 -11.6 173 0 7.8 9.0 10.5 3.5 2 1 3 4 4
-4506.0 12656.2 -10.3 268 0 5.7 7.8 10.5 3.5 4 1 3 2 2
-3817.9 12430.0 -11.7 3 0 11.7 7.7 10.5 3.5 2 0 3 1 1
-3807.5 12437.0 -11.7 3 0 6.3 5.7 10.5 3.5 2 0 3 0 0
-4219.5 12514.2 -10.6 101 0 3.6 10.9 10.5 3.5 2 1 3 1 1
-4233.6 12495.1 -10.5 102 0 4.2 17.3 10.5 3.5 2 1 3 5 5
-3699.3 12440.4 -12.3 285 0 6.0 17.3 10.5 0.0 0 1 3 4 4
-4057.4 12427.7 -10.7 285 0 7.5 7.7 10.5 3.5 2 1 3 0 0
-3867.2 12499.2 -11.5 275 0 11.2 8.4 10.5 3.5 2 0 3 4 4
-4384.7 12625.1 -10.5 282 0 6.3 6.9 10.5 3.5 2 1 3 3 3
-4578.1 12561.2 -11.1 282 0 4.0 9.8 10.5 3.5 4 1 3 5 5
-4531.7 12630.2 -10.2 273 0 5.1 8.1 10.5 3.5 2 1 3 4 4
-4496.9 12384.3 -11.4 98 0 11.6 9.3 10.5 3.5 2 0 3 0 0
-4289.5 12535.0 -10.5 294 0 7.9 14.0 10.5 3.5 2 1 3 2 2
-3693.7 12332.2 -11.0 23 0 5.5 6.9 10.5 3.5 2 1 3 5 5
-3851.4 12321.5 -11.9 101 0 11.8 12.0 14.0 3.5 2 1 4 0 0
-4435.9 12842.8 -10.9 249 0 8.5 19.4 2.5 2.5 2 1 1 2 2
-4506.2 12394.6 -11.4 96 0 7.2 19.8 10.5 3.5 2 1 3 0 0
-3652.8 12602.0 -12.3 104 0 9.6 7.5 10.5 3.5 4 0 3 1 1
-3774.9 12343.1 -11.7 17 0 7.2 11.1 10.5 3.5 2 1 3 5 5
-4645.4 12855.8 -10.5 267 0 6.1 12.3 7.5 2.5 2 1 3 4 4
-3992.5 12321.4 -11.2 99 0 6.1 14.1 10.5 3.5 2 1 3 3 3
-3987.2 12307.2 -11.3 280 0 7.2 14.2 10.5 3.5 2 1 3 2 2
-4107.5 12449.7 -10.7 280 0 5.4 7.1 10.5 3.5 2 1 3 2 2
-4626.0 12594.8 -11.2 274 0 6.3 9.5 10.5 3.5 2 1 3 1 1
-3950.8 12694.7 -11.6 202 0 9.5 8.1 7.5 2.5 2 0 3 5 5
-3880.7 12396.3 -11.5 178 0 12.6 5.2 10.5 3.5 2 0 3 5 5
-4684.4 12748.9 -10.3 179 0 28.4 27.9 10.0 0.0 0 0 4 1 1
-4428.8 12371.4 -11.7 90 0 6.6 14.0 10.5 3.5 2 1 3 0 0
-3536.9 12837.1 -12.8 278 0 6.7 11.8 10.5 3.5 2 1 3 2 2
-3899.4 12507.0 -11.2 193 0 12.2 8.1 10.5 3.5 2 0 3 4 4
-4385.8 12559.7 -10.3 16 0 6.0 7.9 10.5 0.0 0 1 3 0 0
-4419.6 12394.0 -11.4 96 0 11.4 5.7 10.5 3.5 4 0 3 1 1
-4692.0 12396.2 -11.1 94 0 4.9 11.6 10.5 3.5 2 1 3 2 2
-3712.5 12306.2 -10.8 14 0 7.0 12.2 10.5 0.0 0 1 3 3 3
-4334.2 12355.9 -11.3 280 0 7.8 14.5 10.5 3.5 4 1 3 3 3
-3555.5 12716.8 -12.5 196 0 8.3 4.7 10.5 3.5 2 0 3 2 2
-4631.8 12481.4 -11.8 90 0 14.9 7.0 10.5 3.5 2 0 3 4 4
-4564.4 12439.6 -11.7 99 0 9.4 10.0 10.5 3.5 2 1 3 5 5
-4264.8 12527.4 -10.5 273 0 3.9 8.6 10.5 3.5 2 1 3 2 2
-3904.9 12360.3 -11.4 200 0 8.5 10.5 10.5 3.5 2 1 3 5 5
-4311.9 12307.9 -11.5 19 0 8.1 14.6 10.5 3.5 4 1 3 4 4
-3641.4 12443.9 -12.0 20 0 10.3 5.7 10.5 0.0 0 0 3 1 1
-4502.8 12579.8 -10.6 274 0 13.2 11.3 14.0 3.5 2 0 4 4 4
-4586.4 12358.2 -10.6 283 0 6.2 10.9 10.5 3.5 2 1 3 4 4
-4278.9 12537.5 -10.5 292 0 6.2 12.4 10.5 3.5 2 1 3 2 2
-4328.6 12657.8 -10.7 16 0 50.4 13.1 14.0 3.5 2 0 4 2 2
-4130.6 12784.0 -11.4 101 0 9.2 8.0 7.5 2.5 2 0 3 3 3
-4143.4 12348.4 -10.3 289 0 5.7 8.4 10.5 3.5 2 1 3 1 1
-3783.7 12734.2 -12.0 199 0 4.4 10.3 10.5 3.5 2 1 3 0 0
-4503.2 12855.9 -10.9 192 0 9.5 8.7 7.5 2.5 2 0 3 2 2
-4344.3 12423.3 -10.9 100 0 10.7 6.9 10.5 3.5 2 0 3 1 1
-4617.1 12593.1 -11.0 181 0 7.1 7.8 10.5 3.5 2 1 3 1 1
-4254.4 12446.9 -10.3 3 0 5.8 15.5 10.5 3.5 2 1 3 5 5
-4131.1 12368.9 -10.4 117 0 8.4 8.2 10.5 3.5 2 0 3 5 5
-3564.2 12682.8 -12.6 197 0 9.9 10.8 10.5 3.5 2 1 3 5 5
-3785.2 12370.2 -12.0 280 0 4.4 13.8 10.5 3.5 2 1 3 3 3
-4461.5 12612.6 -10.3 278 0 13.2 9.9 10.5 3.5 2 0 3 2 2
-4666.9 12858.7 -10.5 180 0 12.4 6.7 5.0 2.5 2 0 2 2 2
-4657.2 12390.6 -11.0 94 0 6.7 11.4 10.5 3.5 2 1 3 1 1
-4068.6 12466.9 -10.8 289 0 12.9 6.9 10.5 3.5 2 0 3 5 5
-4540.6 12609.6 -10.5 268 0 5.0 6.0 10.5 3.5 2 1 3 5 5
-4412.3 12557.9 -10.3 282 0 7.4 12.4 10.5 3.5 2 1 3 2 2
-4405.6 12589.3 -10.4 291 0 6.5 4.8 10.5 3.5 2 0 3 3 3
-4573.4 12577.2 -10.8 181 0 4.8 10.1 10.5 3.5 2 1 3 3 3
-4320.9 12371.0 -11.2 270 0 9.7 12.2 10.5 3.5 4 1 3 3 3
-3853.1 12843.5 -12.1 292 0 11.6 6.7 5.0 2.5 2 0 2 2 2
-4529.6 12427.8 -11.4 100 0 9.0 8.2 10.5 0.0 0 0 3 2 2
-3544.5 12850.9 -12.8 281 0 7.4 9.3 10.5 3.5 2 1 3 3 3
-3889.4 12464.2 -11.6 184 0 7.1 5.6 10.5 3.5 2 0 3 4 4
-4342.1 12434.2 -10.9 92 0 12.0 5.3 10.5 3.5 4 0 3 0 0
-4210.5 12803.8 -11.3 175 0 19.2 13.1 10.0 2.5 2 0 4 1 1
-4578.9 12402.6 -10.9 95 0 7.7 5.5 10.5 3.5 4 0 3 5 5
-4419.8 12845.2 -11.0 249 0 11.3 23.8 7.5 2.5 2 1 3 4 4
-4617.5 12553.6 -11.6 275 0 5.4 11.2 10.5 3.5 2 1 3 0 0
-3830.5 12404.7 -11.6 3 0 12.1 7.6 10.5 3.5 2 0 3 2 2
-4560.2 12327.3 -11.0 17 0 6.5 8.4 10.5 0.0 0 1 3 1 1
-4104.2 12414.0 -10.6 105 0 4.8 9.5 10.5 3.5 2 1 3 4 4
-3541.2 12471.8 -12.0 109 0 12.9 8.5 10.5 3.5 4 0 3 1 1
-3901.2 12307.4 -11.6 107 0 10.2 8.9 10.5 3.5 2 0 3 2 2
-4619.9 12536.0 -11.5 188 0 5.4 8.5 10.5 3.5 4 1 3 5 5
-4064.6 12473.2 -10.8 287 0 8.5 5.5 10.5 3.5 2 0 3 5 5
-3616.7 12462.7 -12.1 14 0 7.2 11.1 10.5 3.5 2 1 3 0 0
-4496.1 12563.5 -10.7 275 0 5.7 6.3 10.5 3.5 2 1 3 5 5
-4268.4 12488.5 -10.4 27 0 5.6 16.8 10.5 3.5 2 1 3 0 0
-4144.5 12325.2 -10.7 13 0 5.5 11.8 10.5 3.5 2 1 3 0 0
-3668.0 12375.4 -11.5 18 0 9.0 13.2 10.5 3.5 2 1 3 4 4
-4289.6 12387.4 -11.0 274 0 3.7 13.3 10.5 3.5 2 1 3 5 5
-4558.5 12575.3 -10.7 178 0 6.6 7.3 10.5 3.5 2 1 3 0 0
-3773.7 12688.8 -11.9 191 0 10.3 8.6 10.5 3.5 4 0 3 4 4
-3853.5 12852.4 -12.2 289 0 7.3 6.7 7.5 0.0 0 0 3 4 4
-4552.4 12857.4 -10.8 192 0 7.5 21.4 5.0 2.5 2 1 2 3 3
-4259.8 12438.7 -10.3 10 0 7.9 8.7 10.5 3.5 2 1 3 4 4
-4294.3 12731.5 -11.0 264 0 16.0 7.7 10.5 3.5 2 0 3 1 1
-4514.0 12475.3 -11.3 117 0 6.5 12.9 10.5 3.5 2 1 3 0 0
-4657.6 12860.7 -10.5 177 0 21.7 5.1 2.5 2.5 4 0 1 4 4
-4475.3 12479.3 -10.9 115 0 4.4 9.2 10.5 3.5 2 1 3 2 2
-3938.6 12327.9 -11.3 108 0 11.5 6.3 10.5 3.5 2 0 3 4 4
-4666.8 12392.4 -10.9 94 0 10.2 4.5 10.5 3.5 2 0 3 4 4
-3489.8 12757.5 -12.7 90 0 6.7 11.0 10.5 3.5 4 1 3 3 3
-4425.9 12542.9 -10.4 277 0 8.3 9.0 10.5 3.5 2 1 3 5 5
-3829.2 12534.7 -11.6 279 0 12.1 6.4 10.5 3.5 2 0 3 1 1
-4345.8 12385.4 -11.1 62 0 3.5 18.6 10.5 3.5 4 1 3 2 2
-3517.7 12753.6 -12.6 6 0 5.1 9.3 10.5 3.5 2 1 3 3 3
-4607.8 12764.2 -10.4 0 0 37.5 17.0 5.0 2.5 2 0 2 1 1
-4550.5 12421.2 -11.6 94 0 7.5 5.2 10.5 3.5 2 0 3 4 4
-3884.4 12702.7 -11.7 273 0 10.3 6.8 5.0 2.5 2 0 2 5 5
-3949.6 12708.5 -11.6 281 0 14.8 5.7 7.5 2.5 4 0 3 2 2
-4302.0 12387.4 -11.1 277 0 6.9 10.0 10.5 0.0 0 1 3 1 1
-4580.2 12318.5 -10.9 106 0 5.9 11.0 10.5 3.5 2 1 3 3 3
-4538.1 12439.1 -11.5 101 0 6.0 13.8 10.5 3.5 2 1 3 4 4
-4258.8 12517.3 -10.5 275 0 7.9 7.2 10.5 3.5 2 0 3 4 4
-4350.1 12705.6 -10.8 145 0 10.6 24.6 14.0 3.5 2 1 4 0 0
-4479.1 12368.0 -11.4 97 0 20.9 9.7 10.5 3.5 2 0 3 3 3
-3916.8 12325.0 -11.3 105 0 5.5 10.0 10.5 0.0 0 1 3 2 2
-4348.1 12443.9 -10.8 90 0 7.4 6.8 10.5 3.5 2 0 3 4 4
-4191.9 12812.7 -11.4 173 0 12.0 7.8 5.0 0.0 0 0 2 0 0
-4174.1 12427.8 -10.5 199 0 6.5 9.5 10.5 3.5 2 1 3 5 5
-3867.5 12823.0 -12.1 281 0 9.9 9.0 7.5 2.5 2 0 3 1 1
-4407.0 12842.2 -11.0 249 0 6.8 13.3 5.0 2.5 2 1 2 4 4
-4518.0 12641.5 -10.3 271 0 4.8 8.0 10.5 3.5 2 1 3 5 5
-4630.7 12545.6 -11.5 184 0 5.4 8.0 10.5 3.5 2 1 3 1 1
-4671.1 12826.4 -10.4 270 0 6.5 18.3 7.5 2.5 2 1 3 4 4
-4210.1 12530.3 -10.6 3 0 8.7 7.6 10.5 3.5 2 0 3 1 1
-3551.8 12638.2 -12.6 103 0 9.3 7.6 10.5 3.5 2 0 3 3 3
-3645.4 12507.8 -12.5 197 0 8.7 7.3 10.5 3.5 2 0 3 1 1
-4516.6 12541.7 -10.8 279 0 7.0 8.8 10.5 3.5 2 1 3 1 1
-4629.2 12855.4 -10.6 182 0 9.6 3.4 7.5 2.5 2 0 3 4 4
-3680.7 12811.7 -12.4 276 0 8.6 5.3 10.5 3.5 2 0 3 4 4
-4460.9 12419.7 -11.5 101 0 9.1 8.4 10.5 3.5 4 0 3 5 5
-4148.3 12311.8 -10.8 19 0 5.6 15.1 10.5 0.0 0 1 3 1 1
-4535.7 12581.7 -10.7 280 0 7.7 10.9 10.5 3.5 2 1 3 5 5
-3699.6 12704.0 -12.1 186 0 12.3 8.1 10.5 3.5 4 0 3 5 5
-3739.7 12340.8 -11.5 104 0 15.2 22.9 14.0 3.5 2 1 4 3 3
-3841.5 12436.4 -11.7 3 0 7.8 7.2 10.5 3.5 2 0 3 2 2
-3745.9 12858.4 -12.5 187 0 9.6 14.3 10.5 3.5 2 1 3 0 0
-3831.3 12364.4 -11.8 8 0 6.6 24.0 10.5 3.5 2 1 3 1 1
-3801.0 12519.8 -11.9 284 0 11.8 6.0 10.5 3.5 2 0 3 3 3
-4563.9 12821.5 -10.6 275 0 15.4 20.8 10.0 2.5 2 1 4 1 1
-3888.8 12382.1 -11.5 183 0 10.4 13.6 14.0 3.5 2 1 4 0 0
-3456.0 12346.5 -11.3 27 0 9.7 19.6 10.5 3.5 2 1 3 2 2
-3480.1 12428.7 -11.7 105 0 5.6 15.2 10.5 3.5 2 1 3 2 2
-3407.4 12321.2 -11.4 253 0 18.1 8.6 10.5 3.5 2 0 3 1 1
-3116.2 12535.4 -11.8 11 0 14.1 8.3 10.5 3.5 2 0 3 0 0
-3348.1 12726.2 -13.2 343 0 8.2 7.3 10.5 3.5 2 0 3 5 5
-3143.1 12637.9 -12.6 283 0 6.0 19.1 10.5 3.5 2 1 3 1 1
-3248.2 12487.4 -11.7 164 0 11.9 8.9 10.5 3.5 2 0 3 4 4
-3207.1 12630.2 -12.8 191 0 5.2 10.3 10.5 3.5 2 1 3 2 2
-3347.9 12611.6 -12.7 263 0 5.7 11.9 10.5 3.5 2 1 3 3 3
-3112.6 12629.6 -12.5 281 0 8.3 9.1 10.5 3.5 2 1 3 3 3
-3241.0 12570.0 -12.6 256 0 6.1 9.0 10.5 3.5 2 1 3 3 3
-3351.5 12356.3 -11.1 104 0 6.4 10.3 10.5 3.5 2 1 3 0 0
-3339.8 12611.2 -12.7 264 0 6.5 11.1 10.5 3.5 2 1 3 0 0
-3503.1 12497.7 -12.0 292 0 7.7 6.0 10.5 3.5 2 0 3 5 5
-3315.2 12564.0 -13.0 0 0 13.3 8.1 10.5 3.5 2 0 3 2 2
-3072.2 12555.9 -11.9 11 0 9.9 11.6 10.5 3.5 4 1 3 0 0
-3447.3 12744.4 -12.9 91 0 5.6 7.7 10.5 3.5 2 1 3 5 5
-3261.5 12484.2 -11.7 175 0 13.2 9.1 10.5 3.5 2 0 3 4 4
-3407.1 12471.7 -11.9 288 0 9.2 6.9 10.5 3.5 2 0 3 5 5
-3474.6 12369.6 -11.4 204 0 7.5 14.5 10.5 0.0 0 1 3 2 2
-3091.5 12654.2 -12.3 291 0 9.1 10.8 10.5 3.5 2 1 3 5 5
-3330.3 12378.2 -11.2 16 0 8.6 8.5 10.5 3.5 2 0 3 2 2
-3327.9 12600.4 -12.9 266 0 10.9 8.3 10.5 3.5 2 0 3 4 4
-3140.3 12573.1 -12.4 7 0 9.7 12.8 10.5 0.0 0 1 3 4 4
-3393.6 12745.8 -13.2 86 0 9.6 10.5 10.5 3.5 2 1 3 4 4
-3673.5 12773.9 -12.3 185 0 5.4 8.6 10.5 0.0 0 1 3 1 1
-3131.0 12656.3 -12.4 284 0 7.7 10.6 10.5 3.5 2 1 3 3 3
-3086.8 12558.7 -12.0 11 0 8.7 11.1 10.5 3.5 2 1 3 5 5
-3363.1 12329.0 -11.1 98 0 10.5 10.1 14.0 3.5 2 0 4 3 3
-3183.4 12570.3 -12.4 272 0 6.7 17.9 10.5 3.5 2 1 3 2 2
-3496.1 12361.5 -11.3 199 0 6.0 12.6 10.5 3.5 2 1 3 4 4
-3129.7 12569.8 -12.3 9 0 7.1 9.6 10.5 3.5 2 1 3 5 5
-3185.1 12707.2 -12.7 274 0 9.4 6.1 10.5 3.5 2 0 3 0 0
-3441.3 12382.1 -11.5 186 0 7.1 9.3 10.5 3.5 2 1 3 4 4
-3066.1 12581.0 -12.3 11 0 11.4 9.5 10.5 3.5 2 0 3 2 2
-3440.4 12506.1 -12.1 282 0 4.2 7.8 10.5 3.5 2 1 3 3 3
-3381.8 12330.7 -11.3 94 0 6.0 10.5 10.5 3.5 2 1 3 1 1
-3369.2 12734.3 -13.2 342 0 10.0 11.8 14.0 3.5 2 1 4 4 4
-3151.8 12704.3 -12.6 289 0 5.4 8.7 10.5 3.5 2 1 3 3 3
-3273.8 12770.1 -13.3 280 0 6.5 14.4 10.5 3.5 2 1 3 2 2
-3443.4 12669.9 -13.0 276 0 5.6 10.1 10.5 3.5 2 1 3 2 2
-3125.1 12627.6 -12.5 281 0 9.3 8.9 10.5 3.5 2 0 3 3 3
-3341.0 12355.2 -10.9 106 0 9.4 8.2 10.5 3.5 2 0 3 3 3
-3213.2 12624.4 -12.8 193 0 6.0 14.4 10.5 3.5 2 1 3 4 4
-3397.7 12637.1 -12.8 281 0 11.8 10.4 14.0 3.5 2 0 4 0 0
-3092.9 12751.6 -12.9 103 0 6.5 10.4 10.5 3.5 2 1 3 4 4
-3129.8 12779.8 -13.1 111 0 6.0 11.2 10.5 3.5 2 1 3 1 1
-3500.3 12473.9 -11.9 109 0 6.6 9.1 10.5 3.5 2 1 3 3 3
-3430.9 12508.8 -12.1 285 0 5.9 9.7 10.5 3.5 2 1 3 1 1
-3440.7 12783.6 -13.0 182 0 6.4 13.2 10.5 3.5 2 1 3 1 1
-3223.0 12739.3 -13.1 107 0 10.4 14.9 14.0 3.5 2 1 4 0 0
-3183.6 12813.4 -13.2 286 0 3.6 10.9 10.5 3.5 2 1 3 4 4
-3446.9 12642.5 -13.0 100 0 3.7 12.2 10.5 3.5 2 1 3 5 5
-3117.1 12593.1 -12.6 14 0 15.3 5.6 10.5 0.0 0 0 3 2 2
-3614.7 12346.4 -11.1 108 0 6.3 8.3 10.5 3.5 2 1 3 1 1
-3274.4 12475.1 -11.7 354 0 10.6 18.9 14.0 3.5 2 1 4 1 1
-3632.4 12776.3 -12.4 100 0 10.1 14.6 14.0 3.5 2 1 4 1 1
-3215.8 12403.1 -10.6 66 0 8.9 17.8 10.5 3.5 2 1 3 1 1
-3360.8 12390.1 -11.6 104 0 11.1 5.0 10.5 3.5 2 0 3 2 2
-3328.8 12499.9 -12.3 176 0 5.1 10.7 10.5 3.5 2 1 3 4 4
-3215.4 12422.7 -10.7 246 0 5.7 17.3 10.5 3.5 2 1 3 5 5
-3461.3 12406.1 -11.6 197 0 6.7 8.2 10.5 3.5 2 1 3 0 0
-3346.5 12504.5 -12.6 270 0 6.1 11.7 10.5 3.5 2 1 3 5 5
-3271.1 12445.7 -11.4 359 0 6.4 9.8 10.5 3.5 4 1 3 1 1
-3294.3 12466.2 -11.8 357 0 14.4 10.9 14.0 3.5 2 0 4 3 3
-3568.2 12766.6 -12.6 185 0 7.0 16.8 10.5 3.5 2 1 3 2 2
-3388.7 12844.3 -13.2 268 0 15.7 32.7 14.0 3.5 2 1 4 5 5
-3147.0 12385.7 -10.1 78 0 4.6 9.4 10.5 3.5 2 1 3 0 0
-3106.7 12296.3 -9.8 343 0 7.1 9.9 10.5 3.5 2 1 3 3 3
-3096.9 12527.7 -11.6 17 0 13.0 9.8 10.5 3.5 2 0 3 5 5
-3147.5 12312.9 -9.9 134 0 20.0 15.6 14.0 3.5 2 0 4 3 3
-3113.6 12398.6 -10.2 234 0 5.6 16.8 10.5 3.5 2 1 3 3 3
-3109.4 12471.7 -11.1 96 0 13.1 13.4 14.0 3.5 2 1 4 1 1
-3097.5 12641.6 -12.4 287 0 7.3 8.4 10.5 3.5 4 1 3 4 4
-3215.2 12440.3 -11.1 355 0 17.8 6.4 10.5 3.5 2 0 3 1 1
-3184.2 12488.1 -11.5 69 0 10.8 9.5 10.5 0.0 0 0 3 5 5
-3099.3 12610.2 -12.5 11 0 7.9 9.2 10.5 3.5 2 1 3 3 3
-3096.4 12620.5 -12.4 13 0 8.1 9.1 10.5 3.5 2 1 3 0 0
-3594.2 12768.8 -12.5 100 0 11.9 18.8 14.0 3.5 2 1 4 1 1
-3190.9 12394.6 -10.3 68 0 5.6 13.8 10.5 3.5 2 1 3 0 0
-3250.9 12417.4 -10.7 158 0 9.8 9.9 10.5 3.5 2 1 3 1 1
-3267.4 12405.1 -10.4 195 0 15.1 7.1 10.5 3.5 2 0 3 4 4
-3155.1 12546.4 -12.2 108 0 6.7 17.0 10.5 3.5 2 1 3 4 4
-3157.1 12660.5 -12.5 285 0 9.9 9.0 10.5 3.5 2 0 3 1 1
-3931.0 12848.3 -12.0 273 0 8.2 6.9 7.5 2.5 2 0 3 1 1
-4621.3 12709.5 -10.3 68 0 35.8 32.9 5.0 0.0 0 0 2 5 5
-3122.3 12491.9 -11.4 102 0 9.7 15.5 10.5 3.5 2 1 3 4 4
-1759.1 -11907.1 -7.6 202 0 14.0 19.8 7.5 0.0 0 1 3 0 0
-2504.3 11022.3 -8.7 118 0 7.2 13.4 10.5 3.5 4 1 3 4 4
-2474.1 11028.0 -8.7 22 0 15.7 14.4 10.5 3.5 2 0 3 1 1
-2813.3 9624.1 -8.9 105 0 40.6 106.2 10.5 0.0 0 1 3 0 0
-5563.7 -1524.4 -3.7 9 0 15.2 36.5 7.5 2.5 2 1 3 1 1
-5587.8 -1564.6 -3.5 93 0 16.2 4.7 5.0 2.5 2 0 2 2 2
-5614.7 -1501.9 -3.6 280 0 12.9 30.6 7.5 2.5 4 1 3 1 1
1329.3 10982.7 -9.4 269 0 33.5 45.5 12.5 0.0 0 1 5 4 4
1271.2 10984.7 -9.5 270 0 71.2 45.9 10.0 0.0 0 0 4 3 3
1205.9 10873.8 -9.1 92 0 36.5 115.4 12.5 0.0 0 1 5 4 4
1136.4 10992.4 -8.3 271 0 79.3 62.9 7.5 0.0 0 0 3 4 4
1173.5 10901.6 -7.8 2 0 22.2 82.3 15.0 0.0 0 1 6 5 5
827.3 11020.2 -14.1 272 0 14.0 39.0 12.5 2.5 2 1 5 0 0
776.7 10957.6 -10.9 182 0 32.6 54.1 12.5 0.0 0 1 5 5 5
775.4 10917.8 -8.7 183 0 32.1 53.4 12.5 0.0 0 1 5 5 5
833.5 10913.9 -7.2 182 0 18.7 26.6 15.0 0.0 0 1 6 5 5
865.4 10886.3 -5.2 183 0 14.3 47.9 10.0 2.5 2 1 4 2 2
875.2 10715.5 -5.9 92 0 30.3 160.9 10.0 0.0 0 1 4 0 0
836.6 10887.5 -5.7 180 0 11.8 19.1 2.5 2.5 2 1 1 1 1
839.2 10717.1 -6.4 93 0 18.2 163.2 10.0 0.0 0 1 4 3 3
813.2 10854.7 -6.3 182 0 65.1 21.9 10.0 2.5 2 0 4 4 4
1044.6 10995.5 -9.7 272 0 78.7 62.8 12.5 0.0 0 0 5 3 3
1080.5 10906.0 -8.6 2 0 23.2 77.7 10.0 0.0 0 1 4 3 3
968.5 11004.9 -11.1 272 0 44.7 29.6 10.0 0.0 0 0 4 1 1
969.4 10974.3 -10.6 272 0 40.4 32.0 12.5 0.0 0 0 5 1 1
923.2 10976.0 -11.7 272 0 49.8 31.3 10.0 0.0 0 0 4 3 3
925.6 10992.7 -11.8 274 0 36.2 15.1 10.0 2.5 2 0 4 4 4
891.5 11010.1 -12.6 273 0 22.0 26.1 10.0 2.5 2 1 4 1 1
867.4 10980.0 -11.8 272 0 58.1 40.1 12.5 0.0 0 0 5 4 4
930.2 10920.9 -8.8 273 0 116.0 20.6 15.0 0.0 0 0 6 1 1
986.5 10880.3 -6.2 0 0 10.6 28.7 7.5 2.5 2 1 3 4 4
939.8 10889.4 -5.4 272 0 35.0 13.5 12.5 2.5 4 0 5 5 5
947.5 10711.9 -7.1 92 0 64.0 80.5 12.5 0.0 0 1 5 4 4
1030.6 10484.5 -6.9 11 0 9.1 14.1 5.0 0.0 0 1 2 2 2
