5247.7 -11102.2 -11.6 119 0 18.8 31.5 7.0 3.5 2 1 2 4 4
5377.5 -11278.9 -13.8 220 0 18.3 78.3 14.0 3.5 2 1 4 2 2
5325.7 -11335.3 -10.5 304 0 17.8 6.3 10.5 3.5 2 0 3 5 5
5349.6 -11385.1 -11.2 197 0 10.9 16.2 17.5 3.5 2 1 5 2 2
5250.8 -11118.5 -11.5 291 0 10.8 9.8 7.0 3.5 2 0 2 0 0
5239.4 -11113.4 -11.4 296 0 7.3 12.0 7.0 3.5 2 1 2 2 2
5192.6 -11049.3 -10.3 120 0 10.2 10.5 7.0 3.5 2 1 2 3 3
5330.8 -11139.0 -12.4 120 0 13.3 10.6 7.0 3.5 2 0 2 1 1
5399.7 -10920.3 -12.4 213 0 7.9 10.0 7.0 3.5 2 1 2 3 3
5436.6 -10998.0 -13.0 123 0 7.9 12.4 7.0 3.5 2 1 2 0 0
5431.8 -11154.0 -14.0 216 0 15.9 15.6 7.0 3.5 4 0 2 5 5
5137.7 -11024.2 -10.0 217 0 9.3 11.1 10.5 3.5 2 1 3 5 5
5220.5 -11086.5 -10.6 26 0 4.1 13.8 3.5 3.5 2 1 1 2 2
5090.1 -10943.5 -10.1 215 0 24.2 9.3 10.5 3.5 2 0 3 4 4
5314.4 -11318.0 -10.3 120 0 6.2 5.2 10.5 3.5 2 0 3 1 1
