-6567.1 10380.6 -18.0 89 0 4.3 7.7 7.5 2.5 2 1 3 4 4
-6744.7 9579.9 -16.9 136 0 6.4 5.0 7.5 2.5 2 0 3 1 1
-2718.6 6008.1 -1.5 262 0 13.5 34.3 17.5 3.5 2 1 5 0 0
-2676.5 6010.5 -2.4 265 0 15.7 25.1 17.5 3.5 2 1 5 5 5
-2651.3 6011.2 -2.8 264 0 7.8 26.7 10.5 3.5 2 1 3 2 2
-2759.8 6001.1 -0.7 258 0 30.0 17.0 14.0 3.5 2 0 4 3 3
-2788.3 5995.4 -0.1 260 0 24.0 20.3 14.0 3.5 2 0 4 0 0
-2898.9 6012.6 -0.8 171 0 9.7 21.3 10.5 3.5 2 0 3 3 3
-2590.8 5321.4 -6.5 163 0 10.5 18.3 17.5 3.5 2 1 5 2 2
649.5 10663.2 -9.8 96 0 8.6 10.6 2.5 2.5 2 1 1 4 4
521.8 10774.1 -9.5 196 0 4.9 6.8 5.0 2.5 2 1 2 5 5
-541.4 11902.1 -5.0 14 0 8.0 8.4 5.0 2.5 2 1 2 2 2
-637.4 11808.6 -4.8 4 0 18.3 10.4 2.5 2.5 2 0 1 0 0
-647.4 11773.3 -4.7 21 0 10.9 6.4 2.5 2.5 2 0 1 4 4
-602.9 11634.4 -4.3 290 0 7.0 9.1 5.0 2.5 2 1 2 2 2
-595.0 11669.5 -4.4 175 0 7.2 9.1 7.5 2.5 2 1 3 4 4
-586.3 11642.4 -4.3 119 0 14.2 19.1 7.5 2.5 2 1 3 4 4
-582.7 11618.7 -4.3 290 0 11.4 8.5 5.0 0.0 0 0 2 3 3
294.5 10450.6 -6.1 31 0 10.1 4.2 5.0 0.0 0 0 2 3 3
280.2 10432.7 -5.9 24 0 5.1 7.4 5.0 2.5 2 1 2 0 0
273.2 10424.5 -5.8 1 0 9.1 6.6 7.5 2.5 2 0 3 2 2
308.7 10740.0 -7.8 2 0 8.7 5.7 7.5 2.5 2 0 3 5 5
310.5 10830.6 -8.3 275 0 11.9 15.5 5.0 2.5 4 1 2 1 1
225.4 10828.3 -7.6 7 0 9.2 6.5 5.0 2.5 4 0 2 2 2
125.0 11002.7 -7.9 0 0 6.6 15.4 5.0 0.0 0 1 2 4 4
156.3 10966.9 -7.9 2 0 9.5 9.9 5.0 0.0 0 1 2 0 0
100.8 10887.7 -7.1 97 0 15.4 5.0 5.0 2.5 4 0 2 0 0
97.6 10903.5 -7.2 193 0 13.9 8.7 7.5 0.0 0 0 3 1 1
66.2 10402.8 -4.2 347 0 9.6 3.3 7.5 2.5 2 0 3 4 4
78.9 10403.4 -4.4 182 0 12.1 12.2 5.0 2.5 2 1 2 4 4
385.3 10392.7 -6.4 177 0 13.7 5.8 7.5 2.5 4 0 3 0 0
-18.8 10697.6 -5.2 84 0 5.5 8.9 2.5 2.5 4 1 1 5 5
-8.0 10664.0 -5.2 181 0 10.9 11.5 7.5 0.0 0 1 3 0 0
-30.0 10781.2 -5.6 0 0 5.5 7.7 5.0 0.0 0 1 2 1 1
-30.9 10762.2 -5.5 168 0 10.4 8.7 5.0 0.0 0 0 2 5 5
-12.8 10774.7 -5.7 265 0 12.4 37.1 7.5 2.5 2 1 3 5 5
-27.2 10864.6 -6.1 269 0 12.1 11.6 2.5 2.5 2 0 1 1 1
-107.2 10888.9 -5.6 344 0 11.9 7.2 7.5 2.5 4 0 3 5 5
-159.6 11006.9 -5.9 324 0 10.5 7.3 5.0 2.5 4 0 2 3 3
-124.0 10972.8 -6.0 68 0 10.0 13.2 7.5 2.5 2 1 3 0 0
-143.9 10977.5 -5.8 341 0 6.0 5.5 5.0 2.5 2 0 2 1 1
-199.0 10939.5 -5.3 283 0 12.3 21.5 10.0 2.5 4 1 4 4 4
594.2 10805.7 -10.1 0 0 6.8 6.9 5.0 0.0 0 1 2 5 5
638.2 10861.8 -10.8 97 0 8.6 8.8 7.5 2.5 2 1 3 5 5
553.5 10762.4 -9.6 3 0 8.6 6.3 5.0 2.5 2 0 2 3 3
603.1 10715.2 -9.7 165 0 6.2 6.5 2.5 2.5 2 1 1 5 5
571.0 10642.7 -9.1 17 0 12.0 7.4 7.5 2.5 2 0 3 0 0
558.3 10624.5 -8.9 4 0 5.2 8.1 7.5 2.5 2 1 3 5 5
536.9 10625.0 -8.8 99 0 5.6 7.0 5.0 2.5 2 1 2 5 5
550.5 10658.7 -9.0 30 0 5.9 8.7 7.5 2.5 2 1 3 1 1
538.5 10701.4 -9.2 277 0 10.8 9.4 2.5 2.5 2 0 1 0 0
544.0 10732.1 -9.4 101 0 8.7 5.2 7.5 2.5 2 0 3 3 3
535.5 10750.8 -9.5 99 0 11.1 9.0 5.0 0.0 0 0 2 5 5
557.7 10829.2 -10.0 270 0 5.2 6.5 7.5 2.5 2 1 3 2 2
389.8 10899.6 -9.2 277 0 6.4 7.2 2.5 2.5 2 1 1 0 0
447.0 10878.3 -9.5 189 0 8.1 4.9 5.0 2.5 2 0 2 0 0
416.4 10798.4 -8.8 15 0 7.9 5.7 7.5 2.5 2 0 3 0 0
402.6 10730.2 -8.4 7 0 8.1 6.2 5.0 0.0 0 0 2 0 0
385.0 10736.4 -8.3 196 0 7.9 5.0 2.5 2.5 4 0 1 1 1
412.0 10692.4 -8.2 13 0 13.2 7.3 5.0 2.5 2 0 2 2 2
445.2 10702.0 -8.5 272 0 12.9 9.5 5.0 0.0 0 0 2 4 4
333.6 10509.9 -6.7 20 0 7.9 7.8 2.5 2.5 2 0 1 0 0
439.4 10453.7 -7.2 102 0 9.2 12.1 5.0 2.5 2 1 2 4 4
440.5 10418.6 -7.0 88 0 7.3 8.6 5.0 2.5 2 1 2 1 1
396.5 10609.2 -7.7 272 0 5.2 8.0 5.0 2.5 2 1 2 2 2
390.6 10653.7 -7.9 356 0 7.3 6.1 7.5 2.5 2 0 3 3 3
374.2 10622.5 -7.6 8 0 14.6 5.9 5.0 2.5 2 0 2 3 3
359.9 10595.3 -7.3 176 0 6.1 5.0 7.5 2.5 2 0 3 3 3
379.1 10601.4 -7.5 7 0 9.4 9.8 5.0 2.5 2 1 2 5 5
406.7 10621.1 -7.9 174 0 10.4 8.3 5.0 2.5 4 0 2 3 3
452.5 10622.6 -8.1 10 0 5.7 8.3 5.0 0.0 0 1 2 3 3
475.0 10622.4 -8.3 91 0 5.2 6.5 7.5 2.5 2 1 3 2 2
459.1 10617.4 -8.2 94 0 3.0 10.4 7.5 2.5 2 1 3 0 0
770.4 11262.4 -12.9 199 0 5.4 9.2 7.5 2.5 2 1 3 3 3
997.7 10923.3 -13.7 199 0 6.8 5.1 5.0 0.0 0 0 2 5 5
1015.9 10911.4 -13.8 109 0 6.2 14.4 7.5 2.5 2 1 3 0 0
841.6 11003.0 -13.0 273 0 5.2 7.4 7.5 2.5 2 1 3 4 4
829.7 11090.0 -13.2 188 0 5.2 8.3 5.0 2.5 2 1 2 0 0
844.0 11075.4 -13.3 104 0 6.4 4.7 2.5 2.5 2 0 1 5 5
760.6 10859.7 -11.6 77 0 3.7 11.5 5.0 2.5 2 1 2 5 5
734.0 10814.6 -11.2 259 0 6.0 5.6 7.5 2.5 2 0 3 4 4
747.0 10830.2 -11.4 256 0 6.3 7.4 7.5 0.0 0 1 3 0 0
728.4 10832.1 -11.2 276 0 5.4 9.2 7.5 2.5 4 1 3 5 5
820.0 10869.7 -12.1 255 0 6.4 5.2 7.5 2.5 4 0 3 4 4
788.3 10854.2 -11.8 265 0 10.0 6.4 5.0 2.5 2 0 2 0 0
771.1 10852.7 -11.7 257 0 11.5 18.3 10.0 2.5 2 1 4 5 5
804.2 10820.7 -11.7 92 0 7.7 4.7 7.5 2.5 2 0 3 0 0
929.3 10972.6 -13.4 288 0 6.9 6.2 2.5 2.5 2 0 1 2 2
943.4 10979.7 -13.6 298 0 4.3 17.3 7.5 0.0 0 1 3 4 4
953.8 11071.5 -14.1 100 0 11.5 13.7 7.5 2.5 2 1 3 0 0
1051.5 11153.5 -14.9 200 0 7.2 11.0 7.5 2.5 2 1 3 2 2
1071.1 11148.9 -14.9 18 0 5.7 5.4 2.5 2.5 4 0 1 5 5
1058.1 11234.3 -15.2 286 0 7.1 7.5 5.0 2.5 2 1 2 2 2
950.2 11266.2 -14.2 295 0 6.8 8.2 5.0 0.0 0 1 2 4 4
927.7 11251.9 -14.0 17 0 11.6 6.9 7.5 2.5 4 0 3 0 0
882.8 11271.5 -13.7 296 0 6.4 5.4 2.5 2.5 2 0 1 2 2
856.8 11235.7 -13.5 125 0 4.4 7.4 5.0 2.5 2 1 2 3 3
888.1 11162.1 -13.7 284 0 6.1 9.6 5.0 2.5 2 1 2 3 3
946.4 11120.4 -14.0 355 0 12.2 13.9 5.0 2.5 2 1 2 3 3
990.7 11149.6 -14.4 282 0 3.8 11.9 5.0 2.5 2 1 2 5 5
993.7 11158.6 -14.4 287 0 5.2 7.4 2.5 2.5 2 1 1 0 0
988.1 11163.5 -14.4 289 0 4.3 12.4 7.5 0.0 0 1 3 3 3
977.4 11168.9 -14.3 291 0 9.4 8.7 7.5 2.5 2 0 3 1 1
903.1 10981.0 -13.3 291 0 4.7 6.5 7.5 2.5 2 1 3 4 4
907.6 10961.1 -13.3 122 0 6.0 8.3 2.5 2.5 2 1 1 1 1
899.3 10966.5 -13.2 111 0 6.4 6.3 5.0 2.5 2 0 2 1 1
896.9 11060.1 -13.7 100 0 4.1 11.7 7.5 2.5 4 1 3 5 5
862.6 11172.0 -13.5 289 0 7.6 10.2 5.0 2.5 2 1 2 3 3
837.6 11157.6 -13.4 195 0 12.9 17.6 5.0 2.5 2 1 2 4 4
-1262.4 10551.0 -12.5 98 0 5.5 12.5 7.5 2.5 2 1 3 2 2
-1514.7 10320.2 -16.1 285 0 4.2 9.9 7.0 2.5 4 1 2 5 5
-1455.4 10376.2 -15.5 85 0 8.8 3.6 7.0 0.0 0 0 2 1 1
-1464.0 10383.0 -15.7 90 0 7.1 5.2 3.5 2.5 2 0 1 2 2
-1608.1 10460.9 -16.0 91 0 5.5 15.8 7.0 2.5 2 1 2 5 5
-1645.1 10505.4 -16.0 278 0 6.3 10.3 10.5 2.5 2 1 3 5 5
-1641.2 10407.1 -16.0 282 0 3.1 10.4 3.5 2.5 2 1 1 5 5
-1621.4 10344.9 -16.0 103 0 4.7 6.6 3.5 2.5 4 1 1 2 2
-1631.5 10353.3 -16.0 101 0 5.3 11.9 10.5 0.0 0 1 3 0 0
-1557.4 10323.6 -16.0 285 0 4.3 10.0 10.5 2.5 2 1 3 4 4
-1510.0 10366.7 -16.0 16 0 7.4 5.4 7.0 2.5 2 0 2 4 4
-1479.7 10348.9 -15.8 267 0 4.5 7.7 10.5 2.5 2 1 3 1 1
-1478.5 10357.9 -15.8 275 0 6.1 8.5 7.0 2.5 2 1 2 0 0
-1462.2 10487.9 -16.0 212 0 7.3 5.8 10.5 2.5 2 0 3 0 0
-1476.7 10429.8 -16.0 188 0 10.3 10.3 3.5 2.5 2 0 1 0 0
-1485.3 10472.7 -16.0 206 0 6.8 8.0 10.5 2.5 2 1 3 4 4
-1432.8 10537.8 -15.8 176 0 9.1 5.8 7.5 2.5 4 0 3 4 4
-1342.8 10586.4 -14.3 270 0 7.8 6.6 7.5 0.0 0 0 3 3 3
-1355.6 10575.4 -14.4 182 0 3.9 15.5 2.5 2.5 2 1 1 4 4
-1297.9 10568.7 -13.3 98 0 8.6 7.7 7.5 0.0 0 0 3 4 4
-1186.5 10602.1 -11.2 272 0 4.7 8.2 5.0 2.5 4 1 2 0 0
-1125.7 10579.0 -9.9 96 0 7.6 6.2 7.5 0.0 0 0 3 2 2
-1108.2 10590.6 -9.7 9 0 12.5 7.6 5.0 2.5 2 0 2 1 1
-1148.0 10666.7 -10.8 263 0 6.4 4.7 7.5 2.5 2 0 3 5 5
-1097.5 10725.5 -10.2 5 0 11.4 11.0 5.0 2.5 2 0 2 5 5
-550.7 11293.1 -3.5 96 0 9.1 16.8 2.5 0.0 0 1 1 5 5
-486.7 11060.0 -3.9 269 0 7.0 6.3 7.5 2.5 2 0 3 2 2
-485.2 11032.8 -3.8 176 0 6.4 8.3 7.5 0.0 0 1 3 1 1
-489.9 11018.6 -3.7 170 0 11.9 8.0 5.0 2.5 2 0 2 3 3
-470.7 10996.6 -3.7 89 0 7.4 6.9 7.5 2.5 2 0 3 5 5
-459.1 10988.4 -3.8 96 0 11.5 18.6 5.0 2.5 2 1 2 4 4
-403.6 11117.0 -4.5 254 0 7.3 14.0 2.5 2.5 2 1 1 1 1
-409.8 11090.5 -4.4 88 0 6.7 12.3 7.5 2.5 2 1 3 1 1
-560.4 11214.9 -3.4 96 0 7.0 5.9 2.5 2.5 2 0 1 1 1
-531.6 11251.8 -3.7 275 0 12.9 9.6 7.5 2.5 2 0 3 1 1
-599.2 9962.4 -4.1 77 0 5.5 7.9 5.0 2.5 2 1 2 4 4
-444.8 11623.8 -4.5 101 0 8.5 5.5 5.0 2.5 2 0 2 2 2
-379.7 11350.5 -4.8 340 0 5.2 7.2 5.0 2.5 2 1 2 1 1
-441.3 11425.0 -4.4 269 0 4.7 12.0 7.5 2.5 2 1 3 0 0
-425.6 11414.8 -4.5 8 0 4.7 6.9 5.0 2.5 2 1 2 1 1
-414.6 11455.2 -4.6 100 0 6.6 14.3 5.0 0.0 0 1 2 5 5
-456.5 11498.3 -4.3 176 0 8.3 5.5 5.0 2.5 4 0 2 4 4
-690.0 11246.6 -3.3 90 0 7.3 8.2 5.0 2.5 2 1 2 0 0
-702.9 11253.8 -3.3 101 0 3.8 8.0 7.5 2.5 2 1 3 4 4
-862.2 11246.5 -3.4 110 0 7.4 10.2 5.0 0.0 0 1 2 3 3
-823.2 11239.6 -3.4 112 0 10.5 7.1 5.0 2.5 4 0 2 5 5
-700.0 11137.1 -3.0 97 0 6.5 7.9 7.5 2.5 2 1 3 4 4
-222.4 10045.0 -0.4 198 0 7.7 8.5 7.5 2.5 2 1 3 0 0
-551.9 10612.0 -2.6 271 0 6.6 12.7 5.0 2.5 4 1 2 2 2
-864.5 10199.1 -6.3 87 0 5.2 6.1 7.5 2.5 2 1 3 5 5
333.0 9520.5 -4.8 47 0 7.9 4.4 2.5 2.5 2 0 1 0 0
-705.1 10333.5 -4.6 351 0 5.0 6.2 5.0 2.5 2 1 2 2 2
-755.2 10354.3 -5.0 268 0 7.0 4.8 5.0 2.5 2 0 2 0 0
-739.6 10351.0 -4.8 270 0 5.8 9.6 7.5 2.5 2 1 3 1 1
-858.5 10369.9 -5.9 96 0 5.2 9.3 7.5 2.5 4 1 3 5 5
-885.8 10653.1 -5.7 97 0 5.6 7.5 2.5 2.5 4 1 1 4 4
-841.0 10872.0 -5.7 181 0 5.0 7.3 5.0 2.5 2 1 2 3 3
-646.5 10369.6 -3.9 191 0 9.8 7.8 2.5 2.5 2 0 1 2 2
188.5 9768.8 -2.7 179 0 13.0 11.0 5.0 2.5 2 0 2 2 2
-137.3 10066.7 -1.0 123 0 8.8 8.6 7.5 2.5 2 0 3 1 1
-361.6 10340.4 -1.2 176 0 6.4 5.5 2.5 0.0 0 0 1 5 5
-406.6 10322.7 -1.7 99 0 7.4 5.2 7.5 2.5 2 0 3 5 5
-635.1 10647.7 -3.3 175 0 3.7 8.1 5.0 2.5 2 1 2 1 1
-640.6 10717.5 -3.3 276 0 5.8 5.7 7.5 2.5 2 0 3 0 0
-648.9 10718.4 -3.4 268 0 6.2 8.0 5.0 2.5 2 1 2 2 2
-643.8 10727.1 -3.3 269 0 14.4 5.1 7.5 2.5 2 0 3 4 4
-679.8 10911.7 -3.3 218 0 10.1 6.8 7.5 2.5 2 0 3 0 0
-702.8 10866.4 -3.6 181 0 9.0 6.8 7.5 2.5 2 0 3 1 1
-676.4 10849.0 -3.4 4 0 6.2 7.3 2.5 2.5 2 1 1 2 2
-180.1 9691.0 -0.8 96 0 4.6 7.2 5.0 2.5 2 1 2 3 3
-201.3 9805.2 -0.6 272 0 8.4 5.6 7.5 2.5 2 0 3 3 3
-207.0 9739.4 -0.8 179 0 9.0 8.0 7.5 2.5 2 0 3 2 2
-264.9 9787.5 -1.3 266 0 10.6 12.9 5.0 2.5 2 1 2 4 4
-360.3 9865.6 -2.0 270 0 3.8 8.1 5.0 2.5 2 1 2 5 5
-411.7 9979.9 -2.3 86 0 6.0 5.4 7.5 2.5 4 0 3 2 2
-417.9 10004.3 -2.3 89 0 5.6 10.3 7.5 2.5 4 1 3 5 5
-463.2 10079.6 -2.6 238 0 7.8 4.3 5.0 2.5 2 0 2 4 4
-648.1 10313.1 -4.1 358 0 9.1 7.3 5.0 2.5 2 0 2 1 1
-689.1 10261.7 -4.6 354 0 8.5 9.4 7.5 2.5 2 1 3 4 4
-750.6 10275.2 -5.1 71 0 9.7 8.2 7.5 2.5 4 0 3 4 4
-711.0 10246.7 -4.7 266 0 8.8 6.0 2.5 2.5 2 0 1 2 2
-709.1 10171.2 -4.8 180 0 6.2 7.5 5.0 2.5 2 1 2 2 2
-687.1 10178.3 -4.7 354 0 5.8 9.9 5.0 2.5 2 1 2 3 3
-674.2 10169.9 -4.5 30 0 8.9 6.9 7.5 2.5 2 0 3 1 1
-688.7 10141.5 -4.8 359 0 22.9 10.2 10.0 2.5 2 0 4 0 0
-642.5 10005.1 -4.4 161 0 7.4 9.1 7.5 2.5 2 1 3 2 2
-545.7 9981.1 -3.6 85 0 6.8 6.6 5.0 2.5 2 0 2 1 1
-552.4 10015.7 -3.6 244 0 7.6 8.3 5.0 0.0 0 1 2 1 1
-477.4 11815.0 -4.7 103 0 13.4 22.1 10.0 2.5 2 1 4 5 5
-595.6 11853.6 -4.9 90 0 6.1 6.6 2.5 2.5 2 1 1 5 5
-586.4 11852.6 -4.9 95 0 7.0 7.1 5.0 2.5 2 1 2 5 5
-543.0 11734.7 -4.5 302 0 7.8 11.8 5.0 0.0 0 1 2 3 3
-534.8 11676.0 -4.4 191 0 5.8 6.6 2.5 2.5 4 1 1 2 2
-510.8 11626.7 -4.2 107 0 7.6 11.0 7.5 2.5 2 1 3 2 2
-556.2 11560.9 -4.1 3 0 9.4 15.0 7.5 2.5 2 1 3 1 1
-590.2 11461.5 -3.8 94 0 6.5 11.9 5.0 2.5 2 1 2 5 5
-599.3 11461.8 -3.8 93 0 4.0 10.2 7.5 2.5 2 1 3 5 5
-675.4 11579.8 -4.2 278 0 5.8 10.1 7.5 2.5 2 1 3 2 2
-693.5 11627.0 -4.4 297 0 10.2 22.3 7.5 2.5 2 1 3 3 3
-710.2 11450.9 -3.9 188 0 4.2 7.1 5.0 2.5 2 1 2 3 3
-687.8 11367.8 -3.6 287 0 5.4 6.3 5.0 2.5 2 1 2 3 3
-686.8 11334.6 -3.5 89 0 4.3 11.1 7.5 2.5 4 1 3 2 2
-727.3 11335.7 -3.6 194 0 7.2 10.0 7.5 2.5 2 1 3 2 2
-767.6 11282.3 -3.5 198 0 10.1 7.3 5.0 2.5 2 0 2 3 3
-771.3 11266.9 -3.4 193 0 9.3 10.8 5.0 2.5 2 1 2 4 4
-746.8 11224.0 -3.3 9 0 6.8 6.2 5.0 2.5 4 0 2 0 0
-765.7 11238.9 -3.3 280 0 5.9 8.7 7.5 2.5 2 1 3 1 1
-809.6 11180.9 -3.5 185 0 6.4 7.9 7.5 2.5 2 1 3 5 5
-787.4 11140.7 -4.2 14 0 9.0 11.6 2.5 2.5 4 1 1 4 4
-818.8 11106.0 -5.7 191 0 11.7 6.0 5.0 2.5 2 0 2 0 0
-788.3 11047.7 -5.6 293 0 6.0 5.6 5.0 2.5 2 0 2 2 2
-591.1 10860.8 -2.5 91 0 7.5 10.9 5.0 2.5 2 1 2 1 1
-575.9 10676.7 -2.8 90 0 26.7 20.7 10.0 2.5 4 0 4 4 4
-612.1 10550.4 -3.3 98 0 10.0 10.5 5.0 2.5 2 1 2 1 1
-587.7 10506.9 -3.1 180 0 9.8 4.4 5.0 2.5 4 0 2 2 2
-837.3 10610.8 -5.3 195 0 7.4 6.5 5.0 2.5 2 0 2 5 5
-840.3 10548.5 -5.4 187 0 10.8 9.0 5.0 2.5 2 0 2 5 5
-840.9 10524.6 -5.5 175 0 14.4 10.6 2.5 2.5 4 0 1 0 0
-776.8 10432.7 -5.1 88 0 26.4 30.4 10.0 0.0 0 1 4 5 5
-581.1 10101.1 -3.7 75 0 7.4 7.4 5.0 2.5 2 0 2 0 0
-629.1 10042.1 -4.3 357 0 7.8 8.2 2.5 2.5 2 1 1 0 0
-529.4 10030.6 -3.3 249 0 6.5 15.7 7.5 2.5 4 1 3 4 4
-516.7 9989.4 -3.3 103 0 7.5 8.9 2.5 0.0 0 1 1 5 5
-553.8 9655.5 -4.3 270 0 6.0 9.9 5.0 2.5 2 1 2 0 0
-516.6 9581.5 -4.3 358 0 9.4 6.1 7.5 2.5 4 0 3 4 4
-514.4 9592.3 -4.3 358 0 7.2 6.9 7.5 2.5 2 0 3 4 4
-525.8 9737.4 -3.8 357 0 6.6 7.1 5.0 2.5 2 1 2 3 3
-81.0 9727.8 -0.1 279 0 5.2 6.3 5.0 2.5 2 1 2 4 4
-81.7 9709.2 -0.2 81 0 5.7 7.1 5.0 0.0 0 1 2 1 1
-71.3 9695.0 -0.3 95 0 5.2 13.0 7.5 2.5 4 1 3 0 0
-117.9 9614.3 -1.0 89 0 5.5 7.5 5.0 2.5 2 1 2 4 4
-147.1 9647.4 -0.8 175 0 8.4 17.4 5.0 2.5 4 1 2 2 2
26.3 9638.3 -1.4 91 0 8.8 5.0 5.0 2.5 2 0 2 4 4
57.1 9703.8 -1.4 178 0 4.7 7.1 5.0 2.5 4 1 2 4 4
101.1 9745.6 -1.7 20 0 5.7 5.8 5.0 2.5 2 1 2 3 3
105.9 9718.9 -1.7 0 0 11.2 7.3 2.5 2.5 4 0 1 5 5
67.0 9773.5 -1.4 286 0 15.1 19.5 10.0 2.5 2 1 4 1 1
-230.9 10054.1 -0.5 203 0 15.4 8.5 5.0 2.5 2 0 2 2 2
-234.9 9880.3 -0.8 249 0 5.0 6.6 7.5 2.5 2 1 3 3 3
-230.3 9873.7 -0.7 251 0 5.0 8.3 5.0 2.5 2 1 2 1 1
-125.7 9738.2 -0.1 90 0 4.9 13.5 5.0 2.5 2 1 2 4 4
-131.0 9723.0 -0.2 87 0 5.8 12.7 5.0 2.5 2 1 2 5 5
-384.4 10062.6 -1.9 269 0 5.3 8.2 7.5 2.5 2 1 3 2 2
-335.0 9928.3 -1.7 81 0 6.8 7.9 5.0 2.5 2 1 2 1 1
-347.1 9961.2 -1.8 350 0 7.8 10.0 7.5 2.5 2 1 3 3 3
-340.4 9864.6 -1.8 261 0 9.1 8.9 7.5 2.5 2 0 3 4 4
-286.9 9819.1 -1.4 89 0 9.6 12.7 7.5 2.5 2 1 3 4 4
194.3 9653.6 -2.9 3 0 13.0 5.0 7.5 2.5 2 0 3 0 0
172.3 9617.1 -3.0 180 0 16.1 8.9 7.5 2.5 2 0 3 3 3
153.7 10010.3 -2.7 3 0 11.0 7.6 7.5 2.5 2 0 3 2 2
123.1 9945.2 -2.3 182 0 7.7 12.9 7.5 2.5 2 1 3 4 4
158.4 9860.8 -2.3 324 0 22.2 7.2 2.5 2.5 2 0 1 0 0
-98.9 10221.9 -2.1 183 0 12.0 8.6 2.5 2.5 4 0 1 5 5
-82.3 10196.6 -2.0 275 0 8.4 4.6 2.5 2.5 2 0 1 1 1
-71.2 10078.0 -1.4 351 0 8.1 6.0 5.0 2.5 2 0 2 4 4
-27.5 9970.6 -1.1 3 0 9.7 8.2 7.5 2.5 2 0 3 5 5
-41.1 9964.9 -1.1 90 0 3.6 10.5 5.0 2.5 2 1 2 1 1
-52.7 9936.4 -0.8 358 0 8.6 10.6 5.0 2.5 2 1 2 4 4
-106.0 9939.7 -0.5 177 0 5.7 6.6 2.5 2.5 2 1 1 1 1
-94.5 9942.8 -0.6 177 0 8.0 8.4 5.0 2.5 2 1 2 3 3
-127.1 10000.2 -0.7 185 0 17.3 18.0 10.0 2.5 2 1 4 1 1
-94.2 10025.1 -1.0 177 0 7.3 5.6 7.5 2.5 2 0 3 1 1
-81.5 10028.4 -1.1 270 0 6.6 14.3 5.0 2.5 2 1 2 4 4
-106.3 10085.2 -1.3 188 0 6.2 9.4 7.5 0.0 0 1 3 4 4
-107.0 10096.2 -1.3 195 0 9.8 5.2 7.5 2.5 2 0 3 5 5
-265.6 10211.3 -0.8 94 0 9.2 5.6 5.0 2.5 4 0 2 1 1
-236.4 10190.6 -0.9 91 0 4.7 7.8 7.5 0.0 0 1 3 5 5
-342.4 10339.9 -1.1 0 0 10.2 6.0 2.5 2.5 2 0 1 5 5
-330.6 10407.9 -1.4 354 0 10.6 12.7 7.5 2.5 2 1 3 3 3
-302.5 10349.1 -1.4 173 0 11.4 12.0 2.5 2.5 2 1 1 2 2
-349.8 10237.9 -1.3 5 0 11.6 3.9 7.5 2.5 2 0 3 0 0
-381.8 10348.2 -1.4 14 0 8.2 5.9 2.5 2.5 2 0 1 1 1
-387.1 10333.9 -1.5 341 0 7.6 6.2 5.0 0.0 0 0 2 3 3
-372.4 10232.9 -1.6 11 0 7.1 10.3 7.5 2.5 2 1 3 1 1
-358.7 10211.1 -1.4 15 0 9.7 4.8 5.0 2.5 2 0 2 0 0
-351.3 10190.4 -1.4 298 0 7.8 6.5 7.5 0.0 0 0 3 2 2
-394.8 10211.8 -1.8 105 0 6.8 9.7 5.0 2.5 2 1 2 2 2
1181.0 7111.7 -2.4 168 0 6.3 6.5 7.5 2.5 2 1 3 1 1
1213.2 7117.4 -2.1 278 0 9.3 8.7 7.5 2.5 2 0 3 0 0
2607.8 8736.4 -2.9 113 0 11.9 9.8 7.5 2.5 2 0 3 5 5
2581.0 8888.4 -4.4 102 0 11.9 12.1 2.5 0.0 0 1 1 1 1
2623.2 8764.1 -3.0 297 0 10.6 11.5 5.0 2.5 2 1 2 4 4
2207.1 8196.5 0.0 122 0 7.9 12.6 2.5 2.5 4 1 1 2 2
1856.7 7717.9 0.4 37 0 12.8 13.5 5.0 2.5 2 1 2 3 3
1772.5 7649.2 0.2 300 0 8.1 9.3 5.0 2.5 2 1 2 3 3
1786.4 7596.0 0.8 114 0 9.3 8.1 2.5 2.5 2 0 1 3 3
1771.2 7516.4 1.1 273 0 10.4 11.6 2.5 2.5 2 1 1 0 0
1847.8 7383.1 -1.2 107 0 7.8 8.6 7.5 2.5 2 1 3 0 0
1905.5 7387.1 -2.0 186 0 10.0 11.1 2.5 2.5 2 1 1 5 5
2078.1 7345.8 -3.0 16 0 12.1 9.2 5.0 0.0 0 0 2 2 2
2038.6 7326.3 -2.8 200 0 14.7 9.5 7.5 2.5 2 0 3 0 0
2016.5 7116.8 -2.6 208 0 9.1 6.5 5.0 2.5 2 0 2 5 5
1972.6 7080.9 -1.7 210 0 10.5 6.4 5.0 0.0 0 0 2 4 4
2036.3 7193.0 -2.3 19 0 5.8 5.8 7.5 2.5 2 0 3 5 5
1930.6 7079.8 -0.9 20 0 14.4 11.9 7.5 2.5 2 0 3 2 2
1827.9 7184.3 -0.1 105 0 11.9 9.7 7.5 2.5 2 0 3 5 5
1696.1 7086.3 -0.3 185 0 16.6 10.7 5.0 2.5 2 0 2 2 2
1591.4 6879.0 -0.0 102 0 11.6 8.2 2.5 2.5 4 0 1 4 4
1231.1 6719.7 -1.6 204 0 7.4 5.3 7.5 0.0 0 0 3 4 4
1272.1 6786.7 -0.2 1 0 5.7 11.7 2.5 2.5 2 1 1 4 4
1266.7 6762.5 -0.4 93 0 11.9 10.8 5.0 0.0 0 0 2 1 1
1191.4 6526.0 -3.2 22 0 7.4 7.6 7.5 2.5 2 1 3 3 3
1182.2 6509.1 -3.2 4 0 7.2 6.2 5.0 2.5 2 0 2 5 5
1115.2 6301.5 0.7 208 0 9.6 7.1 5.0 2.5 2 0 2 3 3
929.1 6198.9 -0.2 94 0 11.0 16.9 5.0 0.0 0 1 2 2 2
934.0 5921.6 -2.3 6 0 12.5 10.8 7.5 2.5 4 0 3 4 4
960.5 6012.0 0.1 8 0 8.3 6.4 2.5 0.0 0 0 1 5 5
900.9 6069.4 -0.8 276 0 7.1 5.4 5.0 2.5 2 0 2 0 0
886.2 6088.6 -1.0 121 0 5.5 9.1 5.0 2.5 2 1 2 4 4
917.1 6091.7 -0.4 111 0 14.3 5.5 7.5 2.5 2 0 3 2 2
1053.3 6486.3 -2.0 213 0 9.2 8.3 2.5 2.5 2 0 1 3 3
1389.7 6803.6 2.4 290 0 10.5 16.6 2.5 2.5 2 1 1 1 1
1394.0 6766.5 2.0 7 0 9.4 18.9 5.0 2.5 2 1 2 4 4
1431.9 7090.2 2.2 205 0 5.5 8.6 5.0 2.5 2 1 2 3 3
1427.8 6960.3 3.3 107 0 8.7 7.4 7.5 2.5 2 0 3 2 2
1439.7 7017.1 3.3 206 0 14.0 8.6 5.0 2.5 2 0 2 2 2
1481.9 7014.8 2.8 19 0 4.7 11.3 7.5 2.5 2 1 3 3 3
2523.2 8010.3 -2.1 53 0 7.5 8.3 5.0 2.5 4 1 2 3 3
2602.3 8270.8 -2.5 181 0 7.2 10.9 5.0 2.5 4 1 2 4 4
2613.9 8252.2 -2.4 90 0 6.5 8.2 7.5 2.5 2 1 3 0 0
2843.5 8289.1 -3.9 317 0 7.3 9.5 7.5 2.5 2 1 3 4 4
2852.3 8255.7 -3.4 63 0 7.8 9.3 7.5 2.5 2 1 3 1 1
2952.2 8170.1 -4.0 233 0 4.6 8.6 7.5 2.5 2 1 3 3 3
3051.6 8212.6 -3.8 98 0 7.5 8.8 7.5 2.5 2 1 3 1 1
3062.0 8248.3 -3.4 230 0 8.6 8.8 7.5 2.5 2 1 3 1 1
3079.8 8730.3 -8.1 164 0 7.2 7.4 7.5 0.0 0 1 3 0 0
2966.5 8525.9 -6.5 88 0 11.2 7.2 5.0 2.5 2 0 2 4 4
3040.6 8498.4 -6.0 71 0 6.7 9.3 7.5 2.5 2 1 3 5 5
2976.9 8399.5 -5.0 244 0 7.0 8.9 7.5 2.5 4 1 3 2 2
3031.1 8295.4 -3.9 160 0 9.9 9.7 7.5 0.0 0 0 3 1 1
1393.0 6704.3 1.6 355 0 9.2 6.6 5.0 2.5 2 0 2 1 1
957.9 6216.1 0.3 26 0 4.6 7.9 2.5 2.5 2 1 1 1 1
1015.7 6204.1 1.5 12 0 7.2 8.9 5.0 0.0 0 1 2 1 1
1056.3 6277.1 1.5 23 0 8.4 7.9 7.5 2.5 2 0 3 2 2
1127.8 6553.6 -4.1 204 0 12.1 8.7 7.5 0.0 0 0 3 4 4
1120.8 6539.5 -3.8 201 0 10.0 10.0 7.5 2.5 4 0 3 5 5
1358.3 6718.0 1.2 186 0 15.0 13.0 7.5 2.5 2 0 3 0 0
2345.3 7848.6 -1.6 54 0 6.5 11.4 5.0 0.0 0 1 2 5 5
2355.9 7858.4 -1.6 33 0 6.6 10.2 5.0 2.5 2 1 2 1 1
2111.5 7685.2 -0.6 61 0 5.7 8.5 7.5 0.0 0 1 3 3 3
2129.8 7712.2 -0.6 310 0 8.6 10.1 7.5 2.5 4 1 3 2 2
2233.2 7826.0 -0.9 75 0 11.1 12.6 5.0 2.5 4 1 2 5 5
2293.4 7847.2 -1.3 122 0 9.1 6.8 5.0 2.5 4 0 2 0 0
2322.8 7904.5 -1.3 194 0 4.6 10.3 5.0 2.5 2 1 2 3 3
2328.1 7913.6 -1.4 201 0 11.8 10.3 5.0 0.0 0 0 2 5 5
2447.5 7856.3 -1.0 64 0 9.5 12.3 7.5 2.5 2 1 3 3 3
2313.0 7472.3 -4.4 28 0 6.9 6.0 7.5 2.5 2 0 3 3 3
2231.2 7556.7 -1.8 117 0 8.1 6.8 7.5 2.5 2 0 3 1 1
2323.7 7789.7 -1.7 193 0 10.8 9.0 5.0 2.5 2 0 2 4 4
2384.8 7723.1 -2.3 194 0 9.4 10.9 5.0 2.5 2 1 2 1 1
2489.3 7738.0 -1.1 180 0 5.8 8.2 5.0 2.5 2 1 2 5 5
2500.4 7726.5 -1.2 3 0 5.5 11.5 7.5 2.5 2 1 3 3 3
2458.0 7665.6 -2.2 350 0 10.7 15.2 7.5 2.5 2 1 3 0 0
463.9 9489.1 -6.2 111 0 7.4 9.4 5.0 2.5 2 1 2 1 1
472.9 8625.2 -11.9 169 0 12.7 11.7 5.0 2.5 2 0 2 0 0
22.0 8505.9 -11.5 81 0 11.3 20.7 7.5 0.0 0 1 3 1 1
192.6 9364.2 -4.7 4 0 12.9 8.2 2.5 2.5 2 0 1 4 4
226.6 9212.7 -6.1 188 0 7.4 6.9 7.5 2.5 4 0 3 4 4
314.7 9028.0 -8.1 92 0 5.8 7.7 7.5 2.5 2 1 3 1 1
562.7 9162.8 -9.0 177 0 7.2 7.1 5.0 2.5 2 0 2 1 1
559.2 9348.2 -7.9 96 0 13.8 7.8 7.5 2.5 2 0 3 5 5
603.8 9397.9 -8.0 16 0 28.9 12.0 7.5 2.5 2 0 3 4 4
756.8 9459.5 -9.0 220 0 7.2 6.8 7.5 2.5 2 0 3 0 0
696.9 9249.7 -9.7 96 0 7.7 14.6 5.0 2.5 2 1 2 4 4
719.2 9300.1 -9.6 9 0 15.0 7.2 5.0 2.5 2 0 2 1 1
514.4 8787.8 -11.3 90 0 7.4 12.1 7.5 2.5 2 1 3 0 0
704.0 8999.1 -11.3 270 0 10.4 20.1 7.5 2.5 2 1 3 1 1
778.9 8975.7 -12.0 94 0 7.7 21.1 7.5 2.5 4 1 3 2 2
596.5 8741.1 -12.1 91 0 7.7 15.2 5.0 2.5 2 1 2 1 1
704.5 9102.8 -10.6 103 0 11.8 50.8 7.5 2.5 2 1 3 4 4
850.0 9219.8 -11.2 103 0 11.9 21.8 7.5 2.5 2 1 3 3 3
979.0 9249.8 -12.2 28 0 16.0 11.8 5.0 2.5 2 0 2 4 4
1042.0 9342.5 -12.2 13 0 16.8 9.6 2.5 2.5 2 0 1 4 4
937.9 9223.2 -12.1 189 0 10.6 11.0 10.0 2.5 2 1 4 5 5
976.5 9218.4 -12.4 79 0 17.0 11.3 7.5 2.5 2 0 3 0 0
-98.0 8735.1 -9.3 270 0 14.0 4.4 2.5 2.5 2 0 1 5 5
