-4313.0 -10362.4 -10.7 109 0 83.7 87.4 14.0 0.0 0 1 4 1 1
-3005.6 6295.3 -5.8 12 0 13.8 16.4 5.0 2.5 2 1 2 2 2
-3018.0 6940.4 -4.0 356 0 16.7 12.6 2.5 0.0 0 0 1 0 0
-3439.9 7251.7 -5.0 268 0 10.5 12.2 5.0 2.5 2 1 2 1 1
-3906.6 10844.4 -12.4 79 0 14.9 49.0 7.5 0.0 0 1 3 2 2
-3614.0 9000.5 -5.2 86 0 9.7 22.8 5.0 0.0 0 1 2 2 2
-3609.2 7776.4 -6.0 185 0 11.3 14.4 7.5 0.0 0 1 3 1 1
-3626.6 7638.0 -6.1 111 0 9.5 22.7 5.0 2.5 2 1 2 3 3
-3846.6 7436.6 -5.7 0 0 11.2 17.1 7.5 2.5 2 1 3 4 4
-2991.9 6328.8 -5.6 14 0 10.4 57.5 7.5 2.5 2 1 3 5 5
-3035.3 6378.1 -5.6 289 0 7.0 30.5 7.5 2.5 2 1 3 2 2
-3035.2 6389.3 -5.4 288 0 21.9 9.4 7.5 2.5 2 0 3 4 4
-3079.0 6369.6 -5.7 203 0 27.2 7.7 7.5 0.0 0 0 3 5 5
-2926.4 6382.3 -4.6 222 0 6.1 16.9 5.0 2.5 2 1 2 4 4
-2992.8 6289.6 -5.6 201 0 11.8 7.4 2.5 2.5 2 0 1 0 0
-2894.1 6385.7 -4.4 312 0 4.5 11.3 5.0 2.5 2 1 2 5 5
-2952.3 6343.5 -5.0 222 0 7.8 5.1 2.5 2.5 2 0 1 4 4
-2899.2 6389.3 -4.4 312 0 5.8 9.1 7.5 2.5 2 1 3 2 2
-2887.3 6381.0 -4.4 312 0 10.5 12.6 7.5 2.5 2 1 3 5 5
-2939.6 6370.5 -4.7 222 0 6.2 17.0 5.0 2.5 2 1 2 0 0
-2919.8 6389.0 -4.5 222 0 7.6 12.0 7.5 2.5 2 1 3 1 1
-1261.2 5455.5 -5.0 291 0 11.6 9.0 5.0 2.5 2 0 2 2 2
-4429.5 3127.8 -2.2 5 0 10.6 17.6 8.0 0.0 0 1 2 0 0
-4423.6 3148.2 -2.2 6 0 10.6 17.6 8.0 0.0 0 1 2 0 0
-4409.8 3121.0 -2.5 5 0 11.5 19.1 5.0 0.0 0 1 2 5 5
-4402.7 3141.3 -2.5 5 0 10.6 17.6 4.0 0.0 0 1 1 4 4
-4520.1 3158.5 -1.3 196 0 9.1 22.6 8.0 2.5 2 1 2 1 1
-4467.1 3119.7 -1.9 251 0 9.3 13.8 7.5 2.5 4 1 3 2 2
-4458.6 3733.1 -0.1 289 0 15.6 32.2 10.0 2.5 4 1 4 2 2
