1035.3 1387.7 -0.1 176 0 8.6 48.0 7.5 2.5 2 0 3 1 1
1098.9 1387.8 -0.2 86 0 31.0 10.6 7.5 2.5 2 0 3 5 5
1272.3 1536.2 -2.3 256 0 16.4 24.2 7.5 2.5 2 1 3 5 5
1127.7 1372.4 -0.1 78 0 7.4 44.7 2.5 2.5 2 0 1 5 5
-91.9 1809.8 1.0 94 0 19.9 21.2 10.0 2.5 2 1 4 0 0
-19.1 1791.0 -0.4 181 0 11.5 64.4 12.5 2.5 2 0 5 2 2
1196.9 1389.0 -0.2 172 0 19.9 10.6 5.0 2.5 2 0 2 3 3
1112.7 1427.1 -0.5 168 0 23.7 9.7 2.5 2.5 2 0 1 5 5
1192.6 1461.4 -1.2 166 0 44.8 16.7 2.5 2.5 2 0 1 0 0
1372.9 1614.5 -3.7 254 0 34.8 24.9 5.0 0.0 0 0 2 5 5
1304.5 1577.6 -3.0 259 0 7.4 67.3 5.0 2.5 2 0 2 4 4
1292.3 1633.9 -4.2 79 0 11.9 55.9 10.0 2.5 2 0 4 2 2
1217.5 1375.8 -0.3 80 0 8.6 25.3 5.0 2.5 2 1 2 4 4
1744.1 1751.7 2.1 255 0 20.5 12.8 7.5 2.5 2 0 3 4 4
859.6 1435.7 0.4 52 0 11.4 12.2 12.5 2.5 2 1 5 5 5
1704.5 1400.3 1.1 181 0 12.9 9.7 7.5 2.5 2 0 3 1 1
1838.5 1776.0 0.8 264 0 11.6 29.9 10.0 0.0 0 1 4 3 3
1716.6 1361.1 0.5 179 0 20.5 10.5 6.2 2.5 2 0 2 0 0
1774.2 1403.8 -0.5 169 0 22.0 9.1 7.5 2.5 2 0 3 4 4
886.8 1547.4 -1.7 166 0 12.0 11.9 5.0 2.5 2 0 2 5 5
1678.3 1240.7 0.4 154 0 13.4 32.8 7.5 2.5 2 1 3 4 4
1786.9 1323.9 -1.0 303 1 10.6 11.7 8.8 0.0 0 1 4 0 0
1821.4 1334.6 -1.7 180 0 12.9 11.4 5.0 0.0 0 0 2 2 2
1909.7 1805.9 0.1 358 0 17.8 9.3 7.5 2.5 2 0 3 0 0
851.9 1534.3 -1.9 162 0 12.1 24.7 7.5 2.5 2 1 3 0 0
1747.0 1314.1 -0.6 286 0 15.3 11.2 6.2 0.0 0 0 2 3 3
832.2 1408.1 1.0 54 0 9.6 14.7 7.5 0.0 0 1 3 1 1
1193.9 2209.8 1.8 271 0 16.8 6.7 2.5 2.5 2 0 1 4 4
1889.4 1335.6 -2.7 185 1 17.0 10.9 10.0 0.0 0 0 4 1 1
1748.1 1357.1 -0.2 89 0 10.1 19.5 6.2 2.5 4 1 2 2 2
1751.8 1763.0 2.3 255 0 11.1 9.0 7.5 2.5 2 0 3 4 4
1698.9 1334.1 1.3 14 0 16.7 14.7 7.5 0.0 0 0 3 1 1
1120.7 2069.1 0.8 90 0 11.6 8.1 7.5 2.5 2 0 3 2 2
1783.5 1204.3 -1.9 143 0 9.8 25.5 10.5 3.5 2 0 3 5 5
1830.6 1424.1 -1.2 271 0 9.6 20.9 5.0 2.5 4 1 2 3 3
1675.1 1441.2 2.2 163 0 18.0 12.7 5.0 2.5 2 0 2 2 2
1881.7 1405.7 -2.0 0 0 17.3 12.0 10.0 2.5 2 0 4 1 1
1766.3 1191.2 -1.7 143 0 9.8 21.6 10.5 3.5 2 0 3 0 0
1161.8 2090.3 -0.0 1 0 22.0 11.4 10.0 2.5 2 0 4 4 4
1744.2 1387.5 0.1 83 0 9.2 23.5 7.5 2.5 2 1 3 3 3
1794.1 1754.6 1.3 166 0 21.2 13.4 7.5 2.5 2 0 3 1 1
2115.4 1112.2 0.8 299 0 8.6 23.4 10.5 0.0 0 1 3 5 5
584.7 1408.3 -0.9 115 0 11.1 15.7 7.5 2.5 4 1 3 3 3
537.3 1563.8 -1.2 89 0 8.4 18.5 7.5 2.5 2 1 3 2 2
401.4 1559.3 -1.8 85 0 11.2 10.4 7.5 2.5 2 0 3 1 1
2150.2 1073.7 1.1 310 0 12.6 34.0 10.5 3.5 2 1 3 0 0
585.2 1465.5 -1.1 190 0 9.9 12.2 2.5 2.5 2 1 1 0 0
2022.6 1056.0 0.9 118 0 9.3 26.2 10.5 3.5 2 0 3 5 5
515.9 1487.8 -0.8 90 0 12.2 11.9 12.5 2.5 2 0 5 0 0
457.1 1556.4 -1.1 271 0 11.5 14.2 10.0 2.5 4 1 4 0 0
789.8 1395.2 1.4 231 0 15.8 10.7 7.5 2.5 2 0 3 4 4
691.0 1620.1 -1.3 344 0 13.0 19.8 10.0 2.5 2 1 4 5 5
826.5 1433.1 0.7 142 0 10.7 13.0 5.0 2.5 2 1 2 3 3
590.4 1521.3 -1.2 89 0 18.1 15.6 7.5 2.5 2 0 3 1 1
2143.5 1098.2 0.9 300 0 11.7 16.8 10.5 3.5 2 1 3 0 0
484.1 1561.7 -1.4 90 0 10.2 14.7 10.0 2.5 2 1 4 4 4
768.7 1231.0 -1.4 170 0 6.1 8.0 2.5 2.5 2 1 1 0 0
540.9 1513.0 -0.9 269 0 10.6 10.4 10.0 2.5 2 0 4 5 5
562.2 1564.0 -1.0 90 0 12.4 12.0 7.5 2.5 2 0 3 5 5
578.7 1442.5 -0.9 194 0 10.1 6.8 7.5 2.5 2 0 3 0 0
809.8 1282.2 -0.8 180 0 6.6 8.5 5.0 2.5 2 1 2 2 2
566.5 1586.4 -1.3 0 0 12.9 18.1 5.0 2.5 2 1 2 5 5
695.0 1599.3 -1.6 345 0 11.1 17.8 10.0 2.5 2 1 4 1 1
719.4 1330.5 0.2 68 0 12.7 19.9 15.0 0.0 0 1 6 3 3
759.1 1279.3 -0.2 173 0 9.0 15.1 7.5 2.5 2 1 3 2 2
575.4 1461.4 -1.0 1 0 7.8 8.9 5.0 2.5 2 1 2 2 2
613.5 1482.4 -1.2 90 0 14.2 13.4 5.0 2.5 2 0 2 3 3
512.8 1561.8 -1.2 91 0 5.7 14.1 7.5 2.5 2 1 3 0 0
766.6 1240.4 -1.3 171 0 9.2 15.8 5.0 0.0 0 1 2 0 0
482.7 1493.1 -0.7 268 0 39.6 9.5 7.5 0.0 0 0 3 1 1
1838.6 1316.5 -2.0 298 0 9.6 16.4 7.5 0.0 0 1 3 0 0
612.2 1377.1 -0.9 243 0 16.2 13.0 10.0 2.5 2 0 4 2 2
479.2 1404.6 -1.1 146 0 15.2 16.2 5.0 0.0 0 1 2 2 2
537.3 1371.3 -1.3 52 0 12.7 11.6 7.5 0.0 0 0 3 5 5
517.4 1390.7 -1.2 317 0 9.5 11.2 7.5 2.5 2 1 3 2 2
575.8 1911.8 -1.9 269 0 19.3 9.1 7.5 2.5 2 0 3 3 3
561.9 1950.5 -2.1 354 0 12.2 7.0 5.0 2.5 2 0 2 5 5
572.4 2005.8 -2.5 265 0 14.5 9.2 7.5 2.5 2 0 3 0 0
1587.9 1429.2 4.6 158 0 16.7 7.0 3.5 2.5 2 0 1 0 0
524.2 2014.0 -2.4 345 0 15.1 13.9 10.0 2.5 2 0 4 0 0
1856.5 1334.0 -2.1 91 0 8.1 15.9 7.5 0.0 0 1 3 0 0
1846.1 1369.6 -1.7 90 0 10.6 14.9 7.5 2.5 2 0 3 1 1
1889.5 1353.6 -2.6 180 1 12.9 10.4 10.0 2.5 2 0 4 5 5
1523.0 1565.6 -0.2 88 0 22.5 17.4 2.5 2.5 2 0 1 5 5
1618.5 1460.2 4.0 165 0 23.7 9.6 2.5 2.5 2 0 1 1 1
1547.5 1650.8 -0.9 165 0 30.8 15.6 2.5 2.5 2 0 1 2 2
1563.3 1571.9 1.4 166 0 3.6 73.2 2.5 2.5 2 1 1 2 2
233.0 1886.6 -0.4 95 0 6.7 11.1 7.5 2.5 2 1 3 3 3
226.9 1875.5 -0.3 9 0 9.5 28.5 7.5 2.5 2 1 3 4 4
73.2 1628.5 -1.1 90 0 8.5 13.3 5.0 2.5 2 1 2 2 2
243.3 1908.6 -0.5 271 0 6.3 13.1 2.5 2.5 2 1 1 5 5
318.7 1861.8 -0.5 274 0 9.5 10.0 2.5 2.5 2 0 1 0 0
248.2 1937.9 -1.2 89 0 7.4 11.7 7.5 0.0 0 1 3 2 2
194.4 1680.8 0.8 111 0 10.0 5.3 2.5 2.5 2 0 1 2 2
247.4 1711.4 -0.9 270 0 7.1 34.5 5.0 2.5 2 1 2 1 1
444.6 1893.2 -1.3 91 0 6.5 8.3 7.5 2.5 2 1 3 0 0
280.6 2014.6 -1.9 279 0 11.8 11.1 7.5 2.5 2 0 3 3 3
321.1 1948.1 -1.1 264 0 7.7 19.7 7.5 2.5 2 0 3 3 3
198.7 1654.8 -0.7 277 0 7.1 13.1 5.0 2.5 2 1 2 3 3
517.0 1913.8 -1.6 269 0 8.9 11.4 5.0 2.5 2 1 2 2 2
223.2 1689.8 -0.2 89 0 7.8 10.5 5.0 2.5 2 0 2 3 3
232.2 1925.7 -1.2 65 0 8.5 11.5 5.0 0.0 0 1 2 5 5
332.9 1870.0 -0.7 92 0 4.5 10.4 5.0 0.0 0 1 2 3 3
189.9 1615.9 -1.0 179 0 12.1 8.3 5.0 0.0 0 0 2 3 3
176.3 1858.7 -0.4 22 0 5.9 5.9 5.0 2.5 2 1 2 5 5
166.0 1596.7 -1.1 183 0 10.2 21.1 7.5 2.5 2 1 3 1 1
296.9 1679.5 -1.3 2 0 9.3 4.9 7.5 2.5 2 0 3 0 0
711.6 1597.6 -1.7 75 0 16.9 15.2 10.0 2.5 2 0 4 1 1
533.6 1880.1 -1.5 269 0 16.1 11.4 7.5 2.5 2 0 3 5 5
179.0 1888.0 -0.8 13 0 10.8 6.1 5.0 0.0 0 0 2 5 5
271.4 1617.1 -1.6 282 0 18.4 31.3 10.0 2.5 2 1 4 0 0
171.0 1921.5 -0.9 192 0 5.6 9.6 5.0 2.5 2 1 2 1 1
531.3 1428.1 -0.8 131 0 18.6 18.3 15.0 0.0 0 0 6 0 0
733.7 1603.6 -1.8 74 0 13.7 14.8 10.0 2.5 2 1 4 3 3
188.3 1915.5 -1.0 92 0 5.0 7.4 5.0 2.5 2 0 2 4 4
483.2 1557.0 -1.0 271 0 4.9 7.3 5.0 2.5 2 1 2 3 3
795.8 1620.1 -2.1 74 0 19.2 11.2 10.0 2.5 2 0 4 4 4
206.6 1684.3 -0.1 108 0 10.2 14.8 7.5 2.5 2 0 3 5 5
23.4 1885.9 -0.3 181 0 8.1 31.1 7.5 2.5 2 1 3 3 3
96.4 1627.9 -0.9 89 0 18.0 21.0 7.5 2.5 2 1 3 1 1
125.5 1767.8 -0.0 88 0 7.4 14.5 5.0 2.5 2 1 2 4 4
170.9 1776.8 0.2 184 0 9.9 9.9 5.0 2.5 2 1 2 3 3
35.1 1841.9 -0.2 181 0 21.5 18.3 7.5 0.0 0 0 3 2 2
1430.7 1325.0 -0.4 110 0 9.2 3.7 5.0 2.5 2 0 2 4 4
1796.7 1156.1 -2.4 296 0 13.9 27.6 14.0 3.5 2 1 4 0 0
1707.3 1203.4 -0.7 111 0 11.5 5.1 10.5 3.5 2 0 3 5 5
1475.8 1293.2 -0.1 115 0 8.7 6.9 2.5 2.5 2 0 1 5 5
1491.2 1276.2 -0.4 295 0 10.3 6.8 10.5 3.5 2 0 3 1 1
1416.5 1310.7 -1.4 293 0 10.8 5.5 10.5 3.5 2 0 3 3 3
1483.5 1279.9 -0.5 297 0 7.3 7.1 10.5 3.5 2 0 3 3 3
1688.0 1211.1 -0.5 111 0 12.5 9.6 10.5 3.5 2 0 3 0 0
1536.0 1265.2 0.8 111 0 46.3 5.7 2.5 2.5 2 0 1 3 3
1591.5 1257.9 1.5 286 0 27.7 4.8 2.5 2.5 2 0 1 3 3
1456.5 1292.0 -1.0 288 0 13.3 21.1 14.0 3.5 2 0 4 0 0
1717.8 1199.0 -0.9 114 0 11.3 6.2 10.5 3.5 2 0 3 0 0
1764.6 1178.2 -1.5 115 0 27.5 8.5 10.5 3.5 2 0 3 2 2
1434.7 1303.6 -1.4 288 0 7.3 45.6 10.5 3.5 2 0 3 5 5
2497.4 840.3 2.4 291 0 7.2 5.0 10.5 3.5 2 0 3 2 2
2479.2 991.1 1.8 62 0 22.7 10.2 10.5 3.5 2 0 3 0 0
2093.4 952.5 1.1 210 0 18.1 13.8 14.0 3.5 2 0 4 5 5
2282.4 895.3 0.8 139 0 7.0 12.0 10.5 3.5 2 0 3 5 5
2190.3 1023.7 3.0 306 0 10.8 18.8 10.5 3.5 2 1 3 4 4
2259.0 933.4 1.6 301 0 6.0 21.2 10.5 3.5 2 0 3 5 5
2505.2 830.6 1.5 272 0 11.4 9.7 10.5 3.5 2 0 3 4 4
2492.8 833.4 2.0 270 0 7.2 7.0 10.5 3.5 2 0 3 5 5
2220.1 941.9 1.9 297 0 8.7 8.3 10.5 3.5 2 0 3 4 4
2220.6 962.0 2.0 126 0 8.1 21.3 10.5 3.5 2 1 3 1 1
2400.4 961.2 1.7 246 0 12.2 9.0 10.5 3.5 2 0 3 5 5
2104.2 1018.3 2.6 121 0 7.8 12.5 10.5 3.5 2 0 3 2 2
2436.8 908.3 2.0 353 0 8.1 19.9 10.5 3.5 4 1 3 4 4
2366.0 932.7 1.6 242 0 7.6 5.8 10.5 3.5 2 0 3 4 4
2508.5 1013.3 1.8 336 0 10.5 13.1 10.5 3.5 2 1 3 5 5
2130.3 1006.7 2.9 125 0 9.9 20.9 10.5 3.5 2 1 3 5 5
2607.4 773.3 -3.1 67 0 6.9 13.1 10.5 3.5 2 1 3 4 4
2371.6 850.1 0.7 192 0 9.7 14.0 10.5 3.5 2 0 3 0 0
2363.1 815.1 -0.3 196 0 10.6 6.7 10.5 3.5 2 0 3 3 3
2482.3 833.1 1.9 273 0 5.3 10.5 10.5 0.0 0 1 3 5 5
2337.3 903.9 0.8 296 0 5.6 22.1 10.5 3.5 4 1 3 5 5
2199.7 990.8 2.6 131 0 10.4 20.2 10.5 3.5 2 1 3 1 1
2265.5 929.0 1.3 306 0 9.7 26.4 10.5 3.5 2 0 3 3 3
2361.5 905.8 1.6 86 0 7.2 17.4 10.5 3.5 2 0 3 2 2
2351.4 938.8 1.3 58 1 13.4 15.6 14.0 3.5 2 1 4 5 5
2296.8 917.4 0.8 319 0 7.4 31.7 10.5 3.5 2 0 3 5 5
2376.1 902.2 1.7 85 0 7.6 18.5 10.5 3.5 2 0 3 5 5
2491.6 844.4 2.5 291 0 6.6 8.5 10.5 3.5 2 0 3 3 3
2238.9 952.3 1.6 121 0 10.7 15.8 10.5 3.5 2 1 3 1 1
3153.4 99.2 1.1 300 0 6.9 4.4 10.5 3.5 2 0 3 4 4
3071.1 164.2 -2.1 213 0 7.4 9.2 10.5 3.5 2 0 3 4 4
3191.9 93.8 1.3 27 0 13.6 6.4 10.5 3.5 2 0 3 0 0
3186.7 124.2 2.3 289 0 17.5 8.1 10.5 3.5 2 0 3 0 0
3126.3 56.3 0.4 215 0 8.8 4.5 10.5 3.5 2 0 3 5 5
3214.3 120.4 2.7 30 0 6.0 7.2 10.5 3.5 2 1 3 1 1
3134.8 17.2 1.1 126 0 11.2 6.7 10.5 3.5 2 0 3 4 4
3139.3 80.0 0.3 207 0 4.7 12.5 10.5 0.0 0 1 3 3 3
3121.4 47.8 0.6 209 0 7.6 22.5 10.5 3.5 2 0 3 3 3
3162.5 128.7 2.5 205 0 10.3 14.7 17.5 3.5 2 0 5 1 1
3115.1 119.3 0.0 113 0 7.0 18.2 10.5 3.5 2 1 3 0 0
3082.4 47.5 0.1 120 0 11.5 18.4 17.5 3.5 4 1 5 3 3
3028.8 80.6 -2.2 122 0 7.8 8.6 10.5 3.5 2 0 3 2 2
3130.7 87.5 0.2 25 0 7.0 11.2 10.5 3.5 2 0 3 1 1
3099.3 101.0 -1.0 296 0 10.5 11.1 17.5 3.5 2 1 5 2 2
3100.9 54.1 0.5 33 0 6.3 5.9 10.5 3.5 2 0 3 2 2
3081.8 123.6 -1.9 304 0 8.6 7.2 10.5 0.0 0 0 3 0 0
3045.4 129.4 -2.6 206 0 5.8 6.4 10.5 3.5 2 1 3 4 4
3071.2 148.4 -2.2 124 0 6.1 8.0 10.5 3.5 2 1 3 1 1
3037.4 75.0 -2.1 121 0 10.1 13.8 17.5 3.5 2 1 5 4 4
3112.0 55.8 0.6 30 0 6.7 5.7 10.5 0.0 0 0 3 5 5
3137.4 133.8 1.8 293 0 6.0 7.1 10.5 3.5 2 0 3 3 3
3131.5 140.8 2.0 116 0 11.1 9.8 10.5 3.5 2 0 3 3 3
3149.3 130.0 2.5 25 0 7.3 9.4 10.5 3.5 2 0 3 1 1
3104.2 119.2 -0.8 296 0 5.4 7.4 10.5 3.5 2 0 3 0 0
3152.5 136.7 3.0 25 0 7.4 10.8 10.5 3.5 2 0 3 3 3
3096.5 117.6 -1.3 297 0 7.1 10.3 10.5 3.5 2 0 3 3 3
1846.3 1152.5 -2.2 123 0 17.3 9.7 10.5 3.5 2 0 3 4 4
1855.8 1166.3 -2.3 38 0 8.7 32.2 10.5 3.5 2 1 3 3 3
1884.1 1143.3 -2.4 37 0 5.8 14.5 10.5 3.5 2 1 3 0 0
1869.0 1115.6 -2.8 297 0 13.0 16.6 14.0 3.5 2 1 4 3 3
1793.2 1169.9 -1.8 121 0 15.3 12.1 10.5 3.5 2 0 3 3 3
1835.9 1151.3 -2.1 121 0 11.4 5.8 10.5 3.5 2 0 3 2 2
1821.7 1140.1 -2.8 297 0 8.7 43.2 10.5 3.5 2 0 3 0 0
166.3 1690.7 0.2 109 0 6.4 14.8 7.5 2.5 2 0 3 3 3
2945.8 -468.2 4.7 89 0 9.5 17.6 10.5 3.5 2 1 3 5 5
2954.4 -470.4 5.7 276 0 8.2 7.8 10.5 3.5 2 0 3 5 5
3003.2 -441.6 4.3 16 0 9.2 12.5 10.5 0.0 0 1 3 0 0
2997.7 -461.0 5.6 14 0 5.5 8.3 10.5 3.5 2 1 3 0 0
2948.1 -491.2 6.5 190 0 8.3 12.0 10.5 3.5 2 1 3 3 3
2990.6 -449.6 4.5 12 0 11.8 19.6 14.0 0.0 0 1 4 3 3
2982.6 -407.8 3.9 0 0 13.7 6.9 10.5 3.5 2 0 3 0 0
2996.9 -405.9 3.7 284 0 3.5 12.9 10.5 3.5 2 1 3 4 4
2970.7 -395.4 4.1 269 0 6.1 6.5 10.5 3.5 2 1 3 4 4
2985.5 -386.3 3.8 285 0 17.3 9.1 10.5 3.5 2 0 3 0 0
2970.2 -421.1 3.9 181 0 6.7 9.4 10.5 3.5 2 0 3 0 0
2971.6 -432.3 4.0 180 0 13.5 6.3 10.5 3.5 2 0 3 4 4
2983.6 -417.4 3.8 272 0 5.3 10.7 10.5 3.5 4 1 3 4 4
3000.6 -411.8 3.6 282 0 4.1 8.2 10.5 3.5 2 0 3 5 5
2985.0 -438.3 4.1 355 0 4.9 5.6 10.5 3.5 2 1 3 2 2
2963.1 -419.7 4.1 185 0 4.4 7.2 10.5 3.5 2 0 3 4 4
3002.4 -408.6 3.4 199 0 7.5 12.7 10.5 3.5 2 0 3 4 4
2940.6 -443.5 4.5 2 0 10.5 7.9 10.5 3.5 2 0 3 1 1
2951.7 -435.7 4.3 358 0 6.0 8.6 10.5 3.5 2 1 3 5 5
2924.8 -478.1 5.4 94 0 4.9 7.0 10.5 3.5 4 1 3 5 5
2907.5 -494.1 5.2 92 0 15.3 24.0 14.0 3.5 2 1 4 3 3
2930.4 -494.8 6.1 91 0 5.6 12.4 10.5 3.5 2 1 3 2 2
2924.0 -487.1 5.8 94 0 4.8 8.1 10.5 3.5 2 1 3 2 2
2921.9 -414.2 4.8 181 0 10.0 9.2 10.5 3.5 2 0 3 0 0
2934.4 -473.0 5.4 6 0 7.3 4.7 10.5 3.5 2 0 3 1 1
2925.9 -434.0 4.7 273 0 10.9 10.5 14.0 3.5 2 0 4 3 3
2909.7 -439.8 4.9 177 0 8.5 9.7 10.5 3.5 2 1 3 2 2
1095.1 1486.4 -1.0 165 0 18.3 6.0 2.5 2.5 2 0 1 4 4
1102.9 1457.7 -1.0 164 0 41.0 12.2 2.5 2.5 2 0 1 4 4
-985.5 3290.4 3.1 156 0 12.2 20.8 10.0 2.5 2 1 4 4 4
-968.9 3220.6 4.2 326 0 24.4 8.8 7.5 2.5 2 0 3 3 3
-951.7 3218.3 4.5 152 0 8.0 6.0 2.5 2.5 2 0 1 5 5
-1069.1 3219.0 5.1 103 0 5.4 21.9 7.5 2.5 4 1 3 5 5
-926.5 3226.1 4.3 202 0 11.3 14.4 2.5 2.5 4 1 1 2 2
-925.4 3195.9 4.2 109 0 26.0 8.6 7.5 0.0 0 0 3 5 5
-952.0 3230.0 4.3 150 0 10.6 6.5 2.5 2.5 2 0 1 3 3
1499.1 1661.3 -2.1 166 0 8.9 7.5 2.5 2.5 2 0 1 0 0
1659.5 1419.0 2.7 254 0 12.5 9.5 2.5 2.5 2 0 1 0 0
1534.9 1411.5 3.2 90 0 15.7 12.1 2.5 2.5 4 0 1 5 5
1833.0 1134.6 -2.7 296 0 17.0 31.9 14.0 3.5 2 0 4 1 1
767.9 1407.0 1.5 334 0 10.1 5.6 5.0 2.5 2 0 2 0 0
514.9 1275.3 -2.3 56 0 7.2 20.4 7.5 2.5 2 1 3 2 2
910.7 1474.1 -0.6 253 0 12.9 12.3 10.0 2.5 2 0 4 2 2
4452.2 -1868.9 2.2 98 0 22.4 9.1 10.5 3.5 2 0 3 5 5
4478.7 -1894.3 0.3 99 0 17.8 12.3 14.0 3.5 2 0 4 2 2
4437.5 -1884.6 0.9 99 0 23.8 9.3 10.5 3.5 2 0 3 4 4
4377.1 -1848.5 1.5 100 0 35.3 10.7 14.0 3.5 2 0 4 4 4
3356.9 10949.8 -2.8 16 0 21.6 5.5 10.5 3.5 2 0 3 2 2
3361.1 10969.3 -4.2 12 0 16.1 12.0 17.5 3.5 2 0 5 5 5
-971.8 3126.8 5.4 7 0 13.6 10.7 5.0 2.5 2 0 2 0 0
-967.5 3154.6 5.5 8 0 9.1 6.1 7.5 2.5 2 0 3 0 0
-959.4 3112.9 5.9 191 0 8.2 5.0 7.5 2.5 2 0 3 1 1
-963.2 3088.5 5.4 195 0 4.9 12.4 2.5 2.5 2 1 1 3 3
-952.7 3147.2 6.2 188 0 7.2 8.4 7.5 2.5 2 0 3 1 1
-949.7 3170.1 5.9 192 0 16.0 5.6 2.5 2.5 2 0 1 5 5
-968.7 3167.3 5.7 278 0 6.1 7.8 7.5 2.5 2 0 3 5 5
-951.8 3153.6 6.1 188 0 5.4 18.4 5.0 2.5 2 0 2 5 5
537.6 1617.2 -1.9 268 0 13.2 17.2 10.0 2.5 4 1 4 3 3
569.9 1609.6 -1.9 357 0 16.8 17.8 12.5 2.5 2 1 5 0 0
679.2 1548.2 -1.6 75 0 18.2 15.9 10.0 0.0 0 0 4 2 2
757.3 1600.6 -2.0 254 0 16.3 12.4 10.0 2.5 2 0 4 4 4
828.4 1586.2 -2.3 75 0 18.3 16.9 12.5 2.5 2 0 5 1 1
800.8 1612.4 -2.2 255 1 15.3 12.9 15.0 0.0 0 0 6 1 1
788.2 1523.4 -2.0 66 0 22.5 13.1 10.0 2.5 2 0 4 0 0
552.7 1488.7 -1.0 88 0 5.7 12.7 7.5 2.5 4 1 3 3 3
532.9 1488.3 -0.9 87 0 11.3 12.6 17.5 0.0 0 1 7 1 1
3051.7 12323.4 -9.8 66 0 14.0 26.8 14.0 3.5 2 0 4 3 3
1812.4 1665.2 0.2 168 0 4.2 42.6 2.5 2.5 2 1 1 1 1
1800.9 1654.3 0.1 168 0 4.7 56.3 2.5 2.5 2 1 1 5 5
1787.1 1814.1 2.1 345 0 15.2 27.5 2.5 2.5 2 1 1 2 2
1630.4 1606.2 1.0 346 0 3.6 73.3 2.5 2.5 2 1 1 0 0
1628.9 1612.4 0.8 346 0 3.4 73.4 2.5 2.5 2 1 1 3 3
1631.6 1600.9 1.1 346 0 3.6 73.3 2.5 0.0 0 1 1 0 0
1633.1 1594.9 1.3 346 0 3.6 73.2 2.5 2.5 2 1 1 5 5
1349.8 1608.0 -3.7 254 0 13.2 24.9 5.0 2.5 2 0 2 5 5
1404.2 1607.1 -3.7 345 0 13.9 10.7 7.5 2.5 2 0 3 4 4
1953.2 1473.6 -2.8 179 0 8.4 8.2 2.5 2.5 2 0 1 0 0
1805.1 1688.6 0.8 166 0 11.4 19.3 2.5 0.0 0 1 1 3 3
1781.6 1752.3 1.2 255 0 4.7 63.0 2.5 2.5 4 1 1 3 3
1589.4 1517.9 3.3 174 0 13.8 3.9 2.5 0.0 0 0 1 5 5
1418.4 1613.9 -3.3 164 0 25.6 22.7 7.5 2.5 2 0 3 4 4
1554.5 1587.5 0.6 71 0 4.0 7.6 2.5 0.0 0 1 1 4 4
1254.9 1653.1 -3.6 267 0 5.1 18.5 2.5 2.5 2 1 1 1 1
1794.5 1661.7 1.1 76 0 4.9 90.7 2.5 2.5 2 1 1 3 3
1651.9 1456.4 3.4 347 0 7.0 13.9 2.5 2.5 4 1 1 0 0
1768.0 1834.5 2.2 167 0 14.3 18.9 5.0 2.5 2 1 2 4 4
1936.3 1415.6 -2.8 356 0 16.1 4.7 5.0 2.5 2 0 2 5 5
1267.6 1421.7 -1.0 169 0 18.8 13.4 5.0 2.5 2 0 2 0 0
1579.7 1173.5 -0.7 194 0 7.0 24.0 5.0 2.5 2 1 2 4 4
1634.6 1307.5 2.8 284 0 12.8 6.1 5.0 2.5 2 0 2 3 3
1679.3 1263.2 1.1 163 0 6.1 9.1 2.5 0.0 0 1 1 4 4
1630.4 1288.3 2.0 198 0 26.1 9.6 2.5 2.5 2 0 1 3 3
1621.1 1289.3 2.6 111 0 6.9 15.3 2.5 2.5 2 0 1 4 4
1848.8 1799.8 1.1 74 0 5.9 5.9 2.5 2.5 2 1 1 1 1
1879.1 1879.5 1.8 177 0 10.0 6.2 2.5 2.5 2 0 1 5 5
1927.3 1391.6 -2.9 252 0 4.3 9.6 2.5 2.5 2 1 1 4 4
1873.8 1839.6 0.8 338 0 33.9 6.5 2.5 2.5 2 0 1 1 1
1710.4 1877.0 1.4 176 0 8.8 10.4 2.5 2.5 2 1 1 5 5
1467.6 1574.2 -1.4 344 0 9.1 13.1 2.5 2.5 2 1 1 1 1
1885.9 1839.9 1.1 339 0 11.0 4.4 2.5 2.5 2 0 1 0 0
1894.5 1831.7 0.8 164 0 9.7 3.3 2.5 0.0 0 0 1 3 3
1878.8 1862.1 1.8 157 0 6.0 6.2 2.5 2.5 2 1 1 5 5
1865.5 1897.2 2.4 340 0 8.0 9.0 2.5 2.5 2 1 1 4 4
1844.0 1812.5 1.2 76 0 13.1 49.0 7.5 2.5 2 1 3 4 4
1794.1 1843.2 2.2 347 0 9.0 5.5 2.5 2.5 4 0 1 2 2
1167.0 1629.5 -2.8 257 0 16.3 13.6 5.0 2.5 2 0 2 4 4
1179.7 2100.0 -0.7 181 0 10.3 18.0 5.0 2.5 2 1 2 3 3
1156.9 2112.8 0.9 360 0 5.3 14.5 5.0 2.5 2 1 2 3 3
861.1 1867.9 -2.8 269 0 43.4 11.6 10.0 2.5 2 0 4 4 4
542.9 1892.5 -1.6 357 0 12.7 19.3 10.0 2.5 2 1 4 5 5
433.5 1795.5 -0.7 270 0 21.6 15.8 7.5 2.5 2 0 3 1 1
1043.6 1568.9 -1.9 165 0 45.8 41.1 15.0 0.0 0 0 6 2 2
869.5 1432.2 0.3 227 0 8.2 12.8 7.5 0.0 0 1 3 3 3
1366.0 1475.0 -1.6 169 0 5.0 9.5 7.5 0.0 0 0 3 2 2
1435.0 1406.7 1.2 78 0 9.4 4.9 7.5 0.0 0 0 3 2 2
1405.2 1530.3 -1.8 258 0 11.2 10.5 37.5 6.7 5 0 15 3 3
1439.0 1362.5 2.0 78 0 11.2 10.6 37.5 6.7 5 0 15 1 1
1366.1 1522.4 -2.5 258 0 11.1 10.5 37.5 6.7 5 0 15 1 1
1399.9 1354.5 1.2 78 0 11.1 10.6 37.5 6.7 5 0 15 3 3
1381.5 1398.3 0.2 169 0 5.0 9.5 7.5 0.0 0 0 3 4 4
1361.0 1434.0 -1.1 169 0 20.5 6.2 7.5 0.0 0 0 3 5 5
1418.6 1488.2 -0.6 258 0 9.3 4.9 7.5 0.0 0 0 3 5 5
1458.7 1444.6 0.6 78 0 11.3 18.2 7.5 2.5 2 0 3 4 4
1460.4 1423.7 1.0 78 0 11.4 20.9 2.5 2.5 2 0 1 2 2
1448.6 1482.4 0.1 258 0 11.3 20.8 2.5 2.5 2 0 1 5 5
1353.9 1469.5 -1.8 169 0 13.2 13.0 45.0 9.4 5 0 18 4 4
1368.2 1398.6 -0.2 169 0 13.1 13.0 45.0 9.4 5 0 18 2 2
1448.9 1406.7 1.2 78 0 17.9 14.8 45.0 9.4 5 0 18 5 5
1431.4 1493.7 -0.5 258 0 17.9 14.9 45.0 9.4 5 0 18 5 5
1440.8 1420.1 -0.2 78 0 7.5 59.1 7.5 0.0 0 0 3 4 4
1367.1 1435.2 -1.4 169 0 59.1 6.8 7.5 0.0 0 0 3 5 5
1254.8 2567.1 1.8 94 0 5.3 7.9 5.0 2.5 2 1 2 1 1
472.1 1989.4 -2.0 264 0 12.3 12.5 5.0 2.5 2 1 2 1 1
-981.4 3065.7 5.2 10 0 9.0 5.4 7.5 2.5 2 0 3 1 1
814.1 1413.6 1.2 236 0 9.3 12.3 7.5 0.0 0 1 3 4 4
790.3 1374.0 1.0 233 0 10.8 14.6 5.0 2.5 2 0 2 5 5
873.2 1836.8 -2.6 0 0 17.9 29.5 10.0 2.5 2 1 4 2 2
738.3 1367.1 1.0 293 0 16.3 22.2 12.5 2.5 2 1 5 5 5
640.6 1613.7 -1.4 344 0 10.6 11.7 5.0 2.5 2 1 2 2 2
727.9 1620.0 -1.5 73 0 14.8 16.1 7.5 2.5 2 1 3 5 5
767.0 1436.9 -0.6 64 0 11.7 20.2 15.0 0.0 0 1 6 1 1
618.1 1658.6 -2.0 351 0 12.8 16.6 5.0 2.5 2 1 2 5 5
693.1 1666.3 -2.0 254 0 17.4 14.5 10.0 2.5 2 0 4 5 5
795.8 1454.9 -0.3 338 0 14.1 10.7 20.0 0.0 0 0 8 1 1
740.1 1679.2 -2.0 254 0 9.9 15.2 5.0 0.0 0 1 2 4 4
787.8 1409.0 1.6 335 0 7.4 6.3 2.5 2.5 2 0 1 4 4
1197.3 1639.6 -3.1 256 0 16.0 19.9 10.0 2.5 2 1 4 5 5
284.5 1606.0 -1.6 267 0 8.4 24.6 7.5 2.5 2 1 3 5 5
868.8 1607.9 -2.6 164 0 13.4 29.8 17.5 0.0 0 1 7 2 2
5369.4 12131.9 -11.5 255 0 33.8 9.5 10.5 3.5 2 0 3 5 5
5318.8 12130.3 -11.1 258 0 9.9 13.4 10.5 3.5 2 0 3 0 0
5326.5 12131.9 -11.2 258 0 5.8 13.4 10.5 3.5 2 0 3 2 2
5425.2 12125.2 -11.4 257 0 29.1 7.1 10.5 3.5 2 0 3 4 4
5440.2 12147.9 -10.8 256 0 31.5 9.7 10.5 3.5 2 0 3 3 3
5454.2 12132.2 -10.8 256 0 30.5 11.8 14.0 3.5 2 0 4 4 4
1431.9 1338.3 -0.2 3 0 15.1 15.0 10.0 2.5 4 0 4 4 4
1334.5 1522.6 -2.5 258 0 4.6 11.6 7.0 2.5 2 1 2 5 5
1152.4 2118.1 0.9 91 0 21.3 22.8 12.5 2.5 2 1 5 5 5
1137.8 2095.9 0.8 1 0 24.3 27.7 15.0 0.0 0 1 6 3 3
493.2 1747.3 -1.1 271 0 11.7 8.9 2.5 2.5 2 0 1 5 5
5205.2 -1486.1 1.2 295 0 24.7 75.7 14.0 0.0 0 1 4 5 5
5204.4 -1543.0 1.5 296 0 16.4 27.9 14.0 3.5 2 1 4 4 4
5225.7 -1491.5 1.1 296 0 5.7 8.8 10.5 3.5 2 1 3 2 2
5147.1 -1454.5 1.5 311 0 13.3 35.3 14.0 3.5 2 0 4 3 3
5169.1 -1451.6 1.3 309 0 40.7 13.3 14.0 3.5 2 0 4 0 0
5124.1 -1481.2 1.8 308 0 13.4 32.3 14.0 3.5 2 0 4 4 4
5134.4 -1517.0 1.9 313 0 40.6 12.5 14.0 3.5 4 0 4 0 0
5153.9 -1535.2 1.9 313 0 6.3 7.0 10.5 3.5 2 1 3 0 0
409.6 1928.0 -1.4 95 0 7.6 9.0 7.5 2.5 2 1 3 3 3
714.5 1379.5 1.4 266 0 5.0 7.3 7.5 2.5 2 1 3 1 1
829.4 1616.6 -2.3 344 0 16.7 18.1 17.5 0.0 0 1 7 0 0
482.9 2015.2 -2.2 250 0 5.4 6.7 2.5 2.5 2 1 1 5 5
578.4 1677.8 -1.9 261 0 10.4 15.6 2.5 2.5 2 1 1 0 0
2274.4 1796.9 -2.4 68 0 5.6 6.2 2.5 2.5 2 1 1 1 1
2132.9 2125.0 -0.3 64 0 3.9 8.1 5.0 2.5 2 1 2 2 2
2102.9 2131.9 -0.5 159 0 8.6 6.7 5.0 2.5 2 0 2 1 1
2168.6 2106.0 -0.1 61 0 6.8 6.0 5.0 2.5 2 0 2 2 2
2449.0 1302.9 0.1 343 0 5.6 5.6 7.5 0.0 0 1 3 5 5
2196.3 2059.4 0.1 67 0 5.4 9.0 2.5 2.5 2 1 1 2 2
2354.2 1635.5 -8.2 76 0 5.4 9.3 5.0 2.5 4 1 2 1 1
2094.6 2159.5 -0.8 247 0 5.9 6.1 2.5 2.5 2 1 1 0 0
2099.1 2211.5 -2.7 64 0 6.0 7.0 7.5 2.5 4 1 3 5 5
2301.1 1763.9 -3.4 75 0 6.6 8.0 7.5 2.5 2 1 3 2 2
2459.6 1225.2 0.6 66 0 7.5 7.7 2.5 2.5 2 1 1 1 1
2374.9 1534.7 -5.3 254 0 5.6 5.5 5.0 2.5 2 0 2 4 4
2295.0 1785.8 -3.0 255 0 4.5 9.1 5.0 0.0 0 1 2 0 0
2094.8 2225.8 -3.3 333 0 6.6 6.7 2.5 2.5 2 1 1 2 2
2340.6 1685.2 -6.7 255 0 7.4 7.8 5.0 2.5 2 1 2 3 3
2176.7 2071.0 0.1 243 0 8.7 8.4 5.0 2.5 2 0 2 0 0
2310.2 1646.7 -7.5 256 0 6.1 6.8 2.5 2.5 2 1 1 4 4
2187.2 2074.2 0.1 241 0 5.5 6.5 2.5 2.5 2 1 1 5 5
2330.2 1684.8 -6.7 253 0 5.8 10.0 2.5 2.5 4 1 1 5 5
2349.9 1522.7 -5.6 252 0 6.6 7.0 5.0 2.5 2 1 2 4 4
2425.6 1222.7 0.6 243 0 5.9 9.0 5.0 2.5 2 1 2 1 1
2290.4 1758.1 -3.6 68 0 7.2 4.7 5.0 2.5 2 0 2 5 5
2238.8 1905.5 -1.3 258 0 7.9 7.1 5.0 2.5 4 0 2 5 5
2410.7 1413.0 0.0 342 0 9.0 9.1 10.5 0.0 0 1 3 4 4
2319.7 1746.7 -4.3 256 0 6.7 5.7 5.0 2.5 4 0 2 3 3
2459.5 1934.2 3.4 180 0 13.5 9.9 5.0 2.5 2 0 2 1 1
1498.0 2611.3 3.6 336 0 7.9 5.9 7.5 2.5 2 0 3 4 4
1493.2 2526.5 2.8 250 0 5.0 6.7 7.5 2.5 2 1 3 5 5
1233.3 2713.6 -0.3 257 0 5.3 7.7 5.0 2.5 2 1 2 2 2
1256.0 2577.8 1.7 91 0 4.8 7.0 5.0 2.5 2 1 2 5 5
1267.6 2654.9 0.8 345 0 19.9 7.0 7.5 2.5 2 0 3 5 5
1355.9 2792.9 1.3 339 0 7.9 9.7 2.5 2.5 2 1 1 0 0
1583.1 2544.3 1.9 158 0 10.2 3.8 5.0 2.5 2 0 2 3 3
1367.6 2715.5 2.0 158 0 6.9 5.0 7.5 2.5 2 0 3 3 3
1515.9 2614.1 3.5 325 0 5.5 5.4 5.0 2.5 2 0 2 3 3
1273.9 2812.0 0.3 341 0 8.9 40.2 7.5 2.5 2 1 3 5 5
1305.5 2517.7 3.2 356 0 10.9 5.4 5.0 2.5 2 0 2 2 2
1281.8 2538.3 2.7 181 0 5.8 9.6 2.5 2.5 4 1 1 4 4
1526.5 2620.2 3.4 143 0 7.5 5.9 5.0 2.5 2 0 2 0 0
1380.5 2701.6 2.3 71 0 5.8 10.0 5.0 2.5 2 1 2 0 0
1562.4 2538.2 2.1 330 0 10.5 6.9 2.5 2.5 2 0 1 5 5
1256.8 2587.2 1.5 86 0 6.2 8.6 5.0 2.5 2 1 2 2 2
1496.9 2636.7 3.9 322 0 8.0 4.4 7.5 2.5 2 0 3 1 1
1507.3 2626.9 3.6 321 0 15.3 7.4 2.5 2.5 2 0 1 4 4
1285.7 2566.7 2.3 353 0 7.8 4.5 5.0 2.5 2 0 2 3 3
1185.3 2578.8 0.4 79 0 6.5 8.4 5.0 2.5 2 1 2 1 1
1518.5 2547.9 2.7 259 0 5.5 9.3 5.0 2.5 2 1 2 5 5
1494.3 2475.8 2.3 164 0 8.1 5.5 2.5 0.0 0 0 1 5 5
1382.5 2755.1 1.7 330 0 9.1 7.8 7.5 2.5 2 0 3 5 5
1343.1 2646.9 2.4 253 0 7.4 14.7 2.5 2.5 4 1 1 5 5
1315.9 2495.2 3.6 83 0 8.8 7.2 7.5 2.5 2 0 3 2 2
805.2 1478.0 -0.8 341 0 9.5 14.1 7.5 0.0 0 1 3 4 4
801.4 1488.4 -1.2 339 0 8.9 14.0 7.5 0.0 0 1 3 4 4
735.8 1685.0 -2.0 79 0 9.7 8.9 7.5 2.5 4 0 3 5 5
808.5 1416.4 1.1 60 0 12.1 19.3 5.0 2.5 2 1 2 4 4
809.9 1459.5 -0.1 339 0 15.1 11.5 12.5 2.5 2 0 5 1 1
699.7 1554.4 -1.7 74 0 15.9 14.2 15.0 0.0 0 0 6 5 5
914.5 1602.8 -2.7 163 0 25.8 16.4 10.0 2.5 2 0 4 1 1
799.9 1519.7 -2.0 65 0 11.6 6.8 7.5 0.0 0 0 3 2 2
797.3 1511.9 -1.9 156 0 7.7 11.5 7.5 0.0 0 1 3 3 3
837.6 1626.0 -2.4 253 0 10.3 9.9 7.5 0.0 0 0 3 1 1
699.3 1619.3 -1.4 168 0 14.5 13.3 15.0 0.0 0 0 6 5 5
792.4 1439.2 0.7 158 0 8.7 6.6 2.5 2.5 4 0 1 0 0
749.4 1629.1 -1.6 74 0 14.4 13.9 5.0 2.5 2 0 2 1 1
790.2 1639.1 -1.9 73 0 17.9 14.1 10.0 2.5 2 0 4 1 1
654.7 1606.4 -1.3 165 0 11.1 16.3 10.0 2.5 2 1 4 5 5
633.6 1556.6 -1.4 271 0 23.5 16.7 12.5 2.5 4 0 5 4 4
903.5 1551.0 -1.6 163 0 10.5 9.8 7.5 2.5 4 0 3 0 0
924.2 1643.4 -2.8 251 0 13.8 11.6 7.5 2.5 2 0 3 3 3
543.5 1488.5 -0.9 87 0 7.0 12.5 7.5 0.0 0 1 3 0 0
506.8 1447.2 -0.7 131 0 12.8 13.8 7.5 2.5 2 1 3 3 3
563.7 1418.5 -0.9 28 0 16.4 13.3 2.5 2.5 4 0 1 2 2
569.3 1418.3 -0.8 201 0 7.1 5.8 7.5 0.0 0 0 3 4 4
574.6 1431.5 -0.9 203 0 8.1 7.0 7.5 0.0 0 0 3 2 2
586.8 1489.8 -1.2 179 0 12.9 14.9 17.5 0.0 0 1 7 1 1
613.7 1473.9 -1.2 274 0 14.4 15.9 17.5 0.0 0 1 7 1 1
465.3 1499.1 -0.5 86 0 22.4 17.9 10.0 2.5 2 0 4 4 4
522.1 1525.8 -0.7 90 0 4.9 8.2 2.5 2.5 2 1 1 2 2
628.2 1524.1 -1.4 90 0 11.1 13.2 15.0 0.0 0 1 6 0 0
483.0 1548.7 -0.8 271 0 4.9 7.3 5.0 2.5 2 1 2 2 2
490.1 1556.7 -0.9 272 0 5.5 7.7 7.5 0.0 0 1 3 3 3
789.0 1302.1 0.0 174 0 17.0 13.7 12.5 2.5 2 0 5 5 5
793.1 1277.8 -0.6 167 0 8.0 13.1 7.5 2.5 2 1 3 1 1
796.7 1253.2 -1.7 170 0 10.3 17.0 12.5 2.5 2 1 5 0 0
799.7 1238.6 -2.3 171 0 11.7 17.2 5.0 2.5 2 1 2 1 1
804.7 1198.8 -3.6 175 0 9.4 16.6 5.0 2.5 2 1 2 2 2
805.6 1187.7 -4.0 175 0 9.4 16.6 7.5 0.0 0 1 3 4 4
802.5 1170.2 -4.2 2 0 7.3 9.9 2.5 2.5 2 1 1 0 0
802.7 1188.3 -3.6 359 0 8.6 13.2 5.0 2.5 2 1 2 5 5
802.3 1200.3 -3.3 357 0 10.4 12.9 5.0 2.5 2 1 2 4 4
800.6 1211.2 -2.8 350 0 7.6 11.6 5.0 0.0 0 1 2 5 5
761.5 1264.7 -0.7 169 0 16.7 29.3 25.0 0.0 0 1 10 2 2
757.9 1289.2 0.1 175 0 7.4 12.9 2.5 0.0 0 1 1 3 3
772.2 1201.8 -2.7 177 0 5.9 7.2 2.5 2.5 2 1 1 4 4
775.8 1197.7 -2.9 265 0 7.1 5.7 2.5 2.5 2 0 1 4 4
772.8 1186.4 -3.3 171 0 7.4 12.2 7.5 2.5 2 1 3 2 2
773.8 1171.3 -3.7 178 0 5.9 7.2 2.5 0.0 0 1 1 0 0
770.2 1187.6 -3.0 356 0 8.6 12.5 7.5 2.5 2 1 3 5 5
768.6 1209.5 -2.3 356 0 8.7 11.8 7.5 0.0 0 1 3 2 2
745.7 1303.1 0.2 256 0 12.6 11.2 5.0 2.5 2 0 2 4 4
1598.1 1540.6 3.2 170 0 15.4 22.1 10.0 0.0 0 1 4 1 1
1208.3 1345.4 -0.8 263 0 34.3 42.9 12.5 0.0 0 1 5 1 1
1159.0 1342.1 -0.4 264 0 19.3 31.5 10.0 0.0 0 1 4 4 4
781.8 3371.8 -2.8 84 0 45.9 30.9 7.5 0.0 0 0 3 0 0
742.3 3388.8 -1.9 85 0 25.9 51.8 7.5 0.0 0 1 3 4 4
840.0 3428.5 -3.1 355 0 30.2 47.1 10.0 0.0 0 1 4 1 1
4630.1 -693.0 -2.6 301 0 21.1 22.7 7.5 0.0 0 1 3 3 3
4368.7 -576.5 -1.2 231 0 13.4 19.4 10.5 3.5 2 1 3 4 4
4220.8 -341.6 -4.8 208 0 13.2 18.9 14.0 3.5 2 1 4 4 4
3678.0 -255.6 3.4 303 0 13.7 24.0 14.0 3.5 2 1 4 3 3
2352.8 -189.7 0.4 226 0 11.8 31.2 17.5 3.5 2 1 5 0 0
3545.0 11858.0 -7.7 55 0 11.2 47.9 14.0 3.5 4 1 4 2 2
