6013.2 6934.7 -4.4 337 0 17.2 26.3 12.5 2.5 2 1 5 5 5
5807.2 6806.4 -4.9 79 0 8.9 30.9 7.5 2.5 2 1 3 2 2
4726.9 7084.8 -6.3 229 0 31.1 64.8 10.5 0.0 0 1 3 1 1
5976.5 7264.2 -5.3 261 0 43.6 84.1 5.0 0.0 0 1 2 5 5
4957.3 7157.5 -5.9 168 0 46.3 120.4 10.5 0.0 0 1 3 3 3
5969.4 7040.5 -4.7 337 0 28.1 30.3 10.5 0.0 0 1 3 3 3
5842.5 6856.1 -4.7 251 0 13.8 13.8 7.5 2.5 2 1 3 5 5
5957.0 7438.6 -5.9 260 0 14.0 30.6 7.5 2.5 2 1 3 3 3
6000.1 6119.6 -7.8 317 0 23.3 17.3 2.5 0.0 0 0 1 1 1
5890.4 6150.8 -7.9 128 0 14.3 41.8 7.5 2.5 2 1 3 2 2
5865.5 6172.1 -7.7 32 0 8.0 8.0 2.5 2.5 2 0 1 1 1
5884.1 6214.0 -7.6 29 0 5.7 7.4 5.0 2.5 2 1 2 1 1
5886.2 6226.5 -7.6 36 0 8.2 8.4 5.0 2.5 4 1 2 5 5
