-1834.3 -8036.1 -3.4 102 0 9.8 26.7 2.5 2.5 2 1 1 3 3
-1884.7 -8077.8 -3.4 180 0 27.0 23.2 7.5 0.0 0 0 3 3 3
-1947.5 -8185.6 -3.8 269 0 17.9 28.9 10.0 2.5 2 1 4 3 3
-2600.6 -8813.8 -6.5 294 0 58.9 63.0 10.0 0.0 0 1 4 1 1
-2150.9 -8854.2 -6.3 10 0 14.2 16.4 10.0 2.5 2 1 4 1 1
-1969.0 -8452.6 -4.8 175 0 7.5 12.1 7.5 2.5 2 1 3 5 5
-2628.4 -8647.7 -6.7 5 0 14.4 13.4 10.0 2.5 2 0 4 5 5
-2111.2 -8296.7 -4.0 81 0 8.3 10.3 7.5 0.0 0 1 3 0 0
-2338.7 -8466.5 -4.5 121 0 9.6 7.2 5.0 2.5 2 0 2 0 0
-1967.7 -7984.5 -2.8 243 0 7.3 13.4 5.0 2.5 2 1 2 3 3
-1558.0 -8944.9 -5.1 349 0 13.4 26.1 10.0 2.5 2 1 4 1 1
-1702.9 -8441.9 -5.0 88 0 24.7 20.6 15.0 0.0 0 0 6 1 1
-3352.9 -8387.8 -6.0 126 0 21.4 13.6 5.0 0.0 0 0 2 5 5
-3122.3 -8806.2 -4.3 5 0 13.9 10.6 7.5 2.5 2 0 3 4 4
-2258.1 -8770.9 -5.8 175 0 8.0 7.7 7.5 2.5 2 0 3 3 3
-1237.9 -6852.0 -2.4 94 0 22.2 18.1 7.5 2.5 2 0 3 0 0
-2429.0 -8868.9 -6.1 296 0 6.3 7.7 2.5 2.5 2 1 1 4 4
-3559.4 -8749.8 -6.0 108 0 9.0 13.4 7.5 0.0 0 1 3 1 1
-1850.8 -7814.9 -2.7 281 0 8.3 13.2 7.5 2.5 2 1 3 0 0
-1813.9 -7443.3 0.8 176 0 20.7 59.7 10.0 2.5 4 1 4 3 3
-2973.4 -8655.3 -4.5 97 0 33.3 22.8 10.0 0.0 0 0 4 1 1
-2658.2 -8418.1 -6.6 179 0 81.4 63.8 12.5 0.0 0 0 5 3 3
-1774.5 -8529.4 -5.3 165 0 20.1 39.8 7.5 2.5 2 0 3 5 5
-1751.2 -8545.8 -5.4 163 0 20.7 17.2 7.5 2.5 2 0 3 4 4
-1923.1 -8627.7 -5.6 10 0 15.0 32.8 7.5 2.5 2 1 3 4 4
-1904.8 -8630.3 -5.6 3 0 14.8 11.9 2.5 2.5 2 0 1 4 4
-1855.7 -8945.1 -6.0 98 0 20.3 35.5 7.5 0.0 0 1 3 2 2
-2383.0 -8188.6 -2.7 356 0 20.2 24.1 7.5 0.0 0 1 3 3 3
-2527.9 -7816.0 -3.3 189 0 28.6 32.5 10.0 0.0 0 1 4 4 4
-3004.0 -8517.5 -4.7 6 0 10.2 6.0 7.5 2.5 2 0 3 5 5
-2924.6 -8379.2 -4.9 139 0 5.8 6.4 5.0 0.0 0 1 2 4 4
580.0 -7559.5 -9.9 357 0 36.2 30.9 10.0 0.0 0 0 4 3 3
-1903.3 -8491.0 -5.3 179 0 50.8 122.0 10.0 0.0 0 1 4 4 4
-1482.7 -9032.8 -4.8 165 0 35.5 43.6 10.0 0.0 0 1 4 3 3
-1451.0 -8960.7 -5.2 92 0 24.2 45.7 15.0 0.0 0 1 6 1 1
-1606.1 -8442.8 -5.1 81 0 9.7 24.2 7.5 2.5 2 1 3 5 5
-1301.2 -9630.2 -3.0 161 0 34.4 16.6 15.0 0.0 0 0 6 3 3
-1824.4 -6675.6 -2.6 356 0 13.1 15.6 7.5 0.0 0 1 3 3 3
-2812.8 -8656.2 -4.9 1 0 15.2 13.5 10.0 2.5 2 0 4 2 2
-1943.6 -8437.3 -4.7 89 0 20.7 37.7 7.5 0.0 0 1 3 1 1
-1990.7 -8458.2 -4.9 265 0 16.9 23.8 10.0 2.5 2 1 4 5 5
-3248.6 -8519.7 -5.1 322 0 19.2 15.1 7.5 2.5 2 0 3 2 2
-3262.3 -8442.4 -5.5 42 0 18.5 22.2 10.0 2.5 2 1 4 4 4
-2365.1 -8621.2 -5.2 267 0 17.1 19.3 7.5 2.5 2 1 3 3 3
-2077.3 -8762.3 -6.0 281 0 25.3 16.1 10.0 2.5 2 0 4 5 5
-2111.8 -8757.1 -5.9 88 0 8.5 14.3 7.5 2.5 2 1 3 1 1
-1682.1 -8416.8 -4.9 90 0 10.7 10.5 10.0 2.5 2 0 4 2 2
-1277.4 -7024.3 -1.1 24 0 16.8 24.5 10.0 0.0 0 1 4 3 3
-1840.0 -8779.3 -6.3 180 0 10.4 21.4 5.0 2.5 2 1 2 0 0
