4182.2 690.9 0.3 1 0 35.4 18.9 14.0 0.0 0 0 4 1 1
4632.1 1652.1 0.7 201 0 23.2 10.7 14.0 0.0 0 0 4 3 3
4607.4 1586.8 0.2 10 0 60.6 91.6 17.5 0.0 0 1 5 3 3
4066.0 543.2 0.7 92 0 11.1 6.2 10.5 3.5 2 0 3 2 2
4049.7 544.1 0.8 92 0 5.4 9.6 10.5 3.5 2 1 3 3 3
4045.3 529.1 0.8 92 0 10.8 10.3 17.5 3.5 2 0 5 0 0
4013.6 542.9 1.3 3 0 7.1 5.0 10.5 3.5 2 0 3 1 1
3996.1 568.4 1.6 190 0 8.3 4.7 10.5 3.5 2 0 3 3 3
3997.8 591.0 1.4 190 0 9.8 9.4 10.5 3.5 2 0 3 4 4
3989.7 580.5 1.7 190 0 6.6 6.2 10.5 3.5 2 0 3 5 5
3983.3 563.8 1.8 187 0 8.4 7.0 10.5 3.5 2 0 3 1 1
3993.2 546.3 1.6 187 0 9.6 8.7 10.5 3.5 2 0 3 3 3
3971.9 562.9 2.0 189 0 4.7 10.6 10.5 0.0 0 1 3 0 0
3989.2 533.6 1.7 189 0 7.3 6.3 10.5 3.5 2 0 3 2 2
3979.0 535.8 1.9 189 0 7.7 8.9 10.5 3.5 2 1 3 2 2
3972.4 536.4 2.1 189 0 7.4 5.1 10.5 3.5 2 0 3 5 5
3965.8 537.6 2.2 189 0 5.9 5.4 10.5 3.5 2 0 3 5 5
3996.3 532.9 1.5 182 0 8.2 9.1 10.5 3.5 2 1 3 5 5
4013.3 532.2 1.3 2 0 11.0 6.8 10.5 3.5 2 0 3 1 1
4037.6 524.2 0.9 2 0 8.5 4.4 10.5 3.5 2 0 3 5 5
4019.0 505.7 1.3 2 0 6.0 6.4 10.5 3.5 4 1 3 5 5
4021.3 515.0 1.2 10 0 11.6 7.4 10.5 3.5 2 0 3 0 0
4011.9 516.6 1.4 10 0 12.6 11.5 17.5 3.5 2 0 5 0 0
4028.6 497.0 1.1 1 0 10.2 7.1 10.5 3.5 2 0 3 0 0
4032.6 484.0 1.0 2 0 10.1 5.0 10.5 3.5 2 0 3 5 5
4034.4 498.1 1.0 1 0 6.9 5.0 10.5 3.5 2 0 3 3 3
4042.8 496.8 0.8 2 0 9.4 8.1 10.5 3.5 2 0 3 5 5
4043.5 485.1 0.8 1 0 11.2 10.6 17.5 3.5 2 0 5 2 2
4032.1 471.4 1.0 20 0 8.0 8.5 10.5 0.0 0 1 3 0 0
4018.9 472.4 1.2 110 0 6.3 7.4 10.5 0.0 0 1 3 4 4
4012.5 475.3 1.3 110 0 5.7 9.9 10.5 3.5 4 1 3 5 5
4001.0 480.2 1.3 110 0 14.2 19.3 17.5 3.5 2 1 5 3 3
3988.3 484.1 1.8 110 0 7.4 8.1 10.5 3.5 2 1 3 5 5
3980.0 486.6 2.0 109 0 6.3 7.8 10.5 3.5 2 1 3 4 4
3956.5 501.8 2.3 195 0 5.2 10.6 10.5 3.5 2 1 3 4 4
4003.7 465.3 1.4 112 0 10.3 8.8 10.5 3.5 2 0 3 1 1
3992.7 471.6 1.6 114 0 11.9 8.7 10.5 3.5 2 0 3 3 3
3983.5 475.2 1.9 112 0 4.0 7.9 10.5 3.5 4 1 3 4 4
3977.1 580.7 1.9 190 0 10.4 7.0 10.5 3.5 2 0 3 3 3
3982.9 596.4 1.7 185 0 4.2 8.6 10.5 3.5 2 1 3 0 0
3988.4 629.5 1.4 180 0 14.1 21.1 17.5 0.0 0 1 5 1 1
3944.8 842.2 2.5 3 0 7.6 6.8 10.5 3.5 4 0 3 2 2
3874.1 768.8 2.8 96 0 6.9 5.0 10.5 3.5 2 0 3 4 4
3863.6 792.1 2.7 190 0 10.4 6.0 10.5 3.5 2 0 3 5 5
3931.4 829.8 2.7 12 0 7.8 21.0 10.5 3.5 2 1 3 1 1
3923.6 803.5 2.9 2 0 6.2 7.1 10.5 3.5 4 1 3 1 1
3892.9 806.2 2.8 3 0 10.0 7.3 10.5 3.5 2 0 3 1 1
3899.7 803.2 2.9 3 0 11.1 7.0 10.5 3.5 2 0 3 1 1
3886.6 789.6 2.8 93 0 5.7 7.8 10.5 3.5 2 1 3 5 5
3908.5 801.9 2.9 3 0 8.1 8.4 10.5 3.5 4 1 3 0 0
3921.3 788.9 3.0 3 0 7.0 10.6 10.5 3.5 2 1 3 3 3
3912.0 774.0 3.0 91 0 9.3 8.6 10.5 3.5 2 0 3 2 2
3902.6 775.3 2.9 93 0 8.3 10.6 10.5 3.5 2 1 3 2 2
3903.5 787.5 2.9 93 0 8.2 9.4 10.5 3.5 2 1 3 5 5
3894.1 788.3 2.9 91 0 7.4 7.1 10.5 3.5 2 0 3 3 3
3897.3 784.4 2.9 5 0 5.5 10.8 10.5 3.5 2 1 3 2 2
3863.3 781.0 2.7 185 0 7.0 7.5 10.5 3.5 2 1 3 5 5
3880.5 778.8 2.8 95 0 6.2 6.7 10.5 3.5 2 1 3 1 1
3896.7 778.0 2.9 1 0 5.3 7.5 10.5 3.5 4 1 3 0 0
3934.9 665.1 2.8 269 0 6.6 9.2 10.5 3.5 4 1 3 1 1
3925.2 646.6 3.0 93 0 7.3 9.5 10.5 3.5 2 1 3 1 1
3913.4 647.6 3.1 93 0 13.7 7.9 10.5 3.5 2 0 3 0 0
3901.6 647.9 3.1 93 0 6.9 7.1 10.5 3.5 2 1 3 4 4
3915.5 700.3 3.1 273 0 15.1 6.4 10.5 0.0 0 0 3 2 2
3904.1 701.6 3.1 273 0 5.7 7.1 10.5 3.5 2 1 3 0 0
3878.4 706.0 2.9 273 0 5.5 9.8 10.5 3.5 2 1 3 3 3
3877.9 695.0 2.9 273 0 5.2 8.5 10.5 3.5 2 1 3 3 3
3886.5 657.2 3.0 91 0 22.9 15.9 17.5 3.5 2 0 5 3 3
3890.5 648.1 3.1 91 0 13.4 7.0 10.5 3.5 2 0 3 4 4
3879.1 649.0 3.0 91 0 7.5 7.5 10.5 3.5 2 1 3 0 0
3857.7 704.4 2.8 271 0 12.5 7.7 10.5 3.5 2 0 3 4 4
3869.5 705.0 2.9 271 0 6.8 25.8 10.5 3.5 2 1 3 3 3
3840.4 704.2 2.7 271 0 18.9 12.6 17.5 3.5 2 0 5 1 1
3827.0 694.0 2.7 271 0 4.2 7.3 10.5 3.5 2 1 3 1 1
3818.4 666.7 2.7 93 0 8.9 4.4 10.5 3.5 4 0 3 4 4
3831.3 663.5 2.8 93 0 6.3 5.5 10.5 3.5 2 0 3 5 5
3838.5 661.1 2.8 93 0 6.5 10.4 10.5 3.5 2 1 3 3 3
3847.5 660.4 2.8 93 0 7.8 7.1 10.5 3.5 4 0 3 3 3
3853.5 649.7 2.9 93 0 11.1 8.6 10.5 3.5 2 0 3 3 3
3828.3 658.2 2.7 93 0 10.6 4.6 10.5 0.0 0 0 3 3 3
3827.7 654.6 2.8 183 0 4.3 9.4 10.5 3.5 2 1 3 0 0
3809.4 654.8 2.7 95 0 4.2 7.4 10.5 3.5 2 1 3 4 4
3877.2 755.2 2.8 108 0 7.4 8.3 10.5 3.5 2 1 3 4 4
3869.6 757.6 2.8 110 0 6.7 10.4 10.5 3.5 2 1 3 0 0
3879.7 750.8 2.8 21 0 4.7 14.0 10.5 3.5 2 1 3 1 1
3861.2 762.3 2.7 97 0 7.9 6.1 10.5 3.5 2 0 3 4 4
3860.1 755.0 2.8 99 0 7.9 6.4 10.5 3.5 2 0 3 2 2
3857.3 746.0 2.7 11 0 11.2 19.3 14.0 3.5 2 1 4 4 4
3880.7 862.0 2.7 271 0 7.5 8.2 10.5 3.5 2 1 3 5 5
3945.5 855.4 2.4 1 0 13.9 10.0 10.5 3.5 2 0 3 4 4
3931.2 860.5 2.7 271 0 6.6 12.6 10.5 3.5 2 1 3 1 1
3899.6 860.8 2.7 270 0 25.8 11.7 14.0 3.5 2 0 4 0 0
3861.8 861.1 2.6 269 0 5.0 8.5 10.5 3.5 2 1 3 1 1
3842.2 827.1 2.6 185 0 10.4 7.9 10.5 3.5 2 0 3 1 1
3843.4 816.5 2.6 194 0 9.0 5.2 10.5 3.5 2 0 3 0 0
3851.3 796.4 2.7 193 0 12.2 11.1 14.0 3.5 2 0 4 5 5
3857.9 732.2 2.6 15 0 11.4 33.9 14.0 3.5 2 1 4 2 2
3822.1 704.9 2.6 273 0 11.2 10.0 10.5 3.5 2 0 3 0 0
3809.6 682.7 2.6 183 0 6.7 7.3 10.5 3.5 2 1 3 1 1
3805.9 670.7 2.6 181 0 5.5 6.6 10.5 3.5 2 1 3 0 0
3938.4 751.8 2.7 5 0 29.2 10.4 14.0 3.5 2 0 4 5 5
3935.9 720.1 2.7 5 0 30.4 10.0 14.0 3.5 4 0 4 4 4
3921.6 767.1 2.9 275 0 11.0 28.2 14.0 3.5 2 1 4 4 4
3917.2 706.6 3.0 95 0 10.2 29.9 14.0 3.5 2 1 4 2 2
3903.8 706.8 3.0 95 0 10.2 31.2 14.0 3.5 4 1 4 2 2
3891.8 708.1 2.9 94 0 8.3 44.9 10.5 3.5 2 1 3 0 0
3865.3 736.8 2.8 262 0 8.1 17.7 10.5 3.5 2 1 3 0 0
3880.9 709.0 2.9 94 0 10.0 37.7 14.0 3.5 2 1 4 0 0
3934.0 612.1 2.8 275 0 12.4 14.6 17.5 3.5 2 1 5 3 3
3963.6 584.3 2.3 5 0 6.2 12.4 10.5 3.5 2 1 3 1 1
3965.7 592.4 2.3 5 0 7.4 4.2 10.5 3.5 2 0 3 1 1
3951.6 605.3 2.5 5 0 6.0 7.0 10.5 3.5 2 1 3 5 5
3978.3 607.2 2.0 12 0 15.0 6.4 10.5 3.5 2 0 3 2 2
3975.3 591.6 2.0 12 0 11.8 7.1 10.5 3.5 2 0 3 4 4
3965.1 570.2 2.3 12 0 15.2 19.6 17.5 0.0 0 1 5 5 5
3890.3 608.9 3.1 276 0 20.6 14.7 17.5 3.5 2 0 5 5 5
3909.0 613.9 3.2 273 0 10.7 13.4 17.5 3.5 2 1 5 5 5
3933.5 499.0 2.6 108 0 22.7 23.7 17.5 3.5 2 1 5 4 4
3940.4 524.7 2.8 13 0 10.9 18.7 17.5 3.5 4 1 5 4 4
3904.7 529.0 3.3 100 0 6.4 9.6 10.5 3.5 2 1 3 4 4
3895.6 528.4 3.3 100 0 8.5 10.8 10.5 3.5 2 1 3 1 1
3895.1 556.2 3.2 99 0 20.2 7.4 10.5 3.5 4 0 3 3 3
3888.6 545.5 3.2 96 0 12.6 9.7 10.5 3.5 2 0 3 5 5
3884.2 530.2 3.2 96 0 11.3 4.8 10.5 0.0 0 0 3 4 4
3879.4 515.6 3.2 96 0 9.6 7.2 10.5 0.0 0 0 3 2 2
3891.8 630.4 3.1 276 0 11.2 8.5 10.5 3.5 2 0 3 0 0
3874.4 601.2 3.1 276 0 6.3 5.9 10.5 3.5 2 0 3 0 0
3865.9 589.3 3.1 186 0 10.5 7.1 10.5 3.5 2 0 3 2 2
3870.2 559.3 3.1 186 0 7.5 6.5 10.5 3.5 2 0 3 2 2
3871.8 624.7 3.0 276 0 16.3 9.6 10.5 3.5 2 0 3 2 2
3861.4 560.6 3.1 186 0 21.5 8.0 10.5 3.5 2 0 3 3 3
3868.5 521.9 3.1 96 0 13.1 22.9 17.5 3.5 2 1 5 0 0
3849.6 558.4 3.0 181 0 14.0 9.2 10.5 0.0 0 0 3 3 3
3847.5 573.3 3.0 181 0 13.2 10.2 17.5 3.5 2 0 5 4 4
3813.0 623.1 2.7 181 0 7.3 7.7 10.5 3.5 4 1 3 0 0
3844.1 610.6 2.9 181 0 9.3 8.9 10.5 0.0 0 0 3 2 2
3858.7 623.1 3.0 271 0 5.8 18.1 10.5 3.5 2 1 3 3 3
3831.4 609.8 2.9 181 0 9.7 11.3 10.5 3.5 2 1 3 1 1
3824.0 593.6 2.9 181 0 5.1 9.7 10.5 3.5 4 1 3 0 0
3828.1 586.1 2.9 169 0 7.2 6.8 10.5 3.5 2 0 3 5 5
3837.5 553.6 3.0 181 0 8.0 8.8 10.5 0.0 0 1 3 2 2
3851.0 519.9 3.1 91 0 13.1 9.7 10.5 3.5 2 0 3 2 2
3806.5 598.2 2.7 358 0 4.6 6.6 10.5 3.5 2 1 3 4 4
3812.2 609.1 2.7 358 0 3.9 11.1 10.5 0.0 0 1 3 3 3
3814.4 604.2 2.7 358 0 4.5 11.0 10.5 3.5 4 1 3 4 4
3804.0 591.0 2.7 359 0 8.6 8.3 10.5 3.5 2 0 3 1 1
3788.9 592.9 2.7 180 0 12.5 5.3 10.5 0.0 0 0 3 5 5
3810.7 614.6 2.7 356 0 5.5 11.6 10.5 3.5 4 1 3 1 1
3791.3 613.1 2.7 178 0 7.9 4.5 10.5 3.5 2 0 3 4 4
3806.4 623.1 2.7 353 0 9.2 4.3 10.5 3.5 2 0 3 0 0
3801.3 623.3 2.6 355 0 9.6 9.0 10.5 3.5 2 0 3 0 0
3804.4 634.1 2.6 354 0 8.3 10.5 10.5 3.5 2 1 3 4 4
3822.9 579.0 2.8 358 0 8.3 10.9 10.5 3.5 2 1 3 5 5
3805.1 568.8 2.7 358 0 5.7 10.6 10.5 3.5 4 1 3 5 5
3806.3 561.7 2.8 1 0 6.7 6.9 10.5 3.5 2 1 3 4 4
3791.5 554.5 2.8 181 0 5.3 9.7 10.5 3.5 2 1 3 0 0
3808.6 554.4 2.8 1 0 6.2 6.7 10.5 3.5 2 1 3 3 3
3823.2 554.6 2.8 1 0 6.3 13.6 10.5 3.5 2 1 3 5 5
3830.8 560.9 2.9 345 0 10.4 6.0 10.5 3.5 2 0 3 5 5
3832.0 549.2 2.9 3 0 7.6 5.0 10.5 3.5 2 0 3 4 4
3825.3 547.9 2.9 1 0 6.0 9.3 10.5 0.0 0 1 3 5 5
3802.3 543.7 2.8 93 0 6.5 6.5 10.5 0.0 0 1 3 2 2
3797.1 536.6 2.8 93 0 17.6 6.2 10.5 3.5 2 0 3 3 3
3823.9 527.6 2.9 93 0 6.3 7.3 10.5 3.5 2 1 3 4 4
3817.4 519.3 2.9 93 0 8.9 6.8 10.5 3.5 2 0 3 2 2
3808.3 520.4 2.9 93 0 4.8 7.1 10.5 3.5 2 1 3 2 2
3778.7 604.9 2.6 193 0 10.0 10.5 10.5 3.5 2 1 3 4 4
3777.3 596.3 2.6 193 0 6.1 10.1 10.5 3.5 2 1 3 4 4
3773.8 587.6 2.6 199 0 11.0 12.6 17.5 3.5 2 1 5 4 4
3768.8 575.8 2.6 193 0 9.9 16.3 10.5 3.5 2 1 3 2 2
3777.1 563.4 2.7 193 0 7.7 7.6 10.5 0.0 0 0 3 1 1
3759.8 546.2 2.6 189 0 6.8 7.4 10.5 3.5 2 1 3 4 4
3901.7 626.2 3.2 271 0 5.3 9.4 10.5 3.5 4 1 3 4 4
3980.8 631.9 1.9 1 0 19.8 20.3 17.5 3.5 2 1 5 3 3
3950.6 640.4 2.4 271 0 10.6 19.3 17.5 3.5 2 1 5 4 4
3930.6 640.4 2.8 271 0 19.8 16.8 17.5 3.5 2 0 5 5 5
3873.3 643.7 2.9 271 0 21.9 17.3 17.5 3.5 2 0 5 5 5
3851.6 643.9 2.9 271 0 14.8 8.2 10.5 3.5 2 0 3 3 3
3578.0 687.8 1.0 92 0 6.0 6.4 10.5 0.0 0 1 3 3 3
3584.6 688.2 1.1 92 0 6.4 8.1 10.5 0.0 0 1 3 1 1
3580.5 681.5 1.1 92 0 4.5 5.1 10.5 0.0 0 1 3 4 4
3586.1 681.0 1.1 92 0 3.6 5.4 10.5 0.0 0 1 3 1 1
3523.5 697.6 1.5 92 0 4.9 4.0 10.5 0.0 0 0 3 5 5
3518.0 697.9 1.6 92 0 4.9 3.8 10.5 0.0 0 0 3 2 2
3511.5 697.5 1.7 92 0 5.6 4.3 10.5 0.0 0 0 3 1 1
3530.9 697.6 1.5 92 0 7.9 4.5 10.5 0.0 0 0 3 0 0
3537.7 696.5 1.4 92 0 5.1 6.2 10.5 0.0 0 1 3 0 0
3544.9 694.7 1.3 92 0 8.8 9.2 10.5 0.0 0 1 3 0 0
3555.5 692.7 1.2 92 0 8.2 8.4 10.5 0.0 0 1 3 3 3
3564.8 693.2 1.1 92 0 8.9 12.7 10.5 0.0 0 1 3 5 5
3567.8 680.7 1.1 92 0 11.6 9.4 10.5 0.0 0 0 3 0 0
3556.2 683.4 1.2 92 0 9.5 8.4 10.5 0.0 0 0 3 5 5
3547.7 688.3 1.3 92 0 5.2 5.6 10.5 0.0 0 1 3 1 1
3540.2 688.7 1.4 92 0 6.7 4.8 10.5 0.0 0 0 3 4 4
3533.8 689.6 1.4 92 0 4.7 6.5 10.5 0.0 0 1 3 3 3
3542.2 683.0 1.3 92 0 6.1 4.9 10.5 0.0 0 0 3 3 3
3525.6 690.5 1.5 92 0 3.3 6.4 10.5 0.0 0 1 3 0 0
3521.1 690.6 1.6 92 0 5.0 5.8 10.5 0.0 0 1 3 2 2
3512.3 686.5 1.6 94 0 7.2 10.0 10.5 0.0 0 1 3 2 2
3512.3 678.0 1.6 94 0 6.5 7.3 10.5 0.0 0 1 3 4 4
3520.6 683.9 1.6 95 0 7.3 6.0 10.5 0.0 0 0 3 5 5
3519.9 677.5 1.6 101 0 6.4 4.9 10.5 0.0 0 0 3 1 1
3526.6 680.0 1.5 103 0 4.0 8.3 10.5 0.0 0 1 3 0 0
3535.9 683.3 1.4 92 0 4.3 3.8 10.5 0.0 0 0 3 5 5
3553.4 677.0 1.2 90 0 4.4 5.3 10.5 0.0 0 1 3 1 1
3559.7 674.5 1.2 90 0 6.1 3.7 10.5 0.0 0 0 3 5 5
3548.2 679.1 1.3 95 0 4.3 8.5 10.5 0.0 0 1 3 2 2
3541.1 673.6 1.4 92 0 5.7 9.0 10.5 0.0 0 1 3 2 2
3553.2 670.8 1.2 90 0 4.6 5.5 10.5 0.0 0 1 3 0 0
3547.4 670.7 1.3 89 0 5.6 7.7 10.5 0.0 0 1 3 2 2
3525.1 664.4 1.5 100 0 6.9 15.3 10.5 0.0 0 1 3 2 2
3513.4 665.8 1.6 98 0 13.8 11.1 21.0 0.0 0 0 6 4 4
3531.6 663.9 1.5 101 0 4.1 5.0 10.5 0.0 0 1 3 4 4
3533.3 669.5 1.4 100 0 5.1 13.3 10.5 0.0 0 1 3 2 2
3540.0 667.3 1.4 92 0 6.8 5.9 10.5 0.0 0 0 3 0 0
3543.6 661.3 1.3 89 0 5.4 4.5 10.5 0.0 0 0 3 0 0
3551.5 660.5 1.2 89 0 7.3 9.6 10.5 0.0 0 1 3 5 5
3564.2 663.6 1.1 89 0 5.1 3.4 10.5 0.0 0 0 3 2 2
3559.7 667.3 1.2 89 0 7.4 6.5 10.5 0.0 0 0 3 2 2
3559.2 661.3 1.2 89 0 3.4 5.8 10.5 0.0 0 1 3 3 3
3563.8 659.8 1.1 89 0 5.1 3.3 10.5 0.0 0 0 3 5 5
3570.0 660.3 1.1 89 0 5.6 17.0 10.5 0.0 0 1 3 4 4
3584.1 671.3 1.1 89 0 7.7 3.1 10.5 0.0 0 0 3 4 4
3582.7 674.7 1.1 89 0 4.8 5.9 10.5 0.0 0 1 3 0 0
3576.6 664.9 1.1 89 0 6.1 14.1 10.5 0.0 0 1 3 1 1
3577.1 659.2 1.1 89 0 7.7 4.7 10.5 0.0 0 0 3 1 1
3584.1 666.2 1.1 89 0 5.4 4.8 10.5 0.0 0 0 3 2 2
3584.1 659.0 1.1 89 0 4.9 6.5 10.5 0.0 0 1 3 2 2
3591.9 658.0 1.2 89 0 7.3 9.4 10.5 0.0 0 1 3 5 5
3593.5 672.5 1.2 89 0 9.4 20.0 10.5 0.0 0 1 3 3 3
3603.7 674.8 1.3 89 0 9.9 8.4 10.5 0.0 0 0 3 3 3
3602.6 657.6 1.3 89 0 11.6 10.5 21.0 0.0 0 0 6 0 0
3612.8 673.5 1.4 89 0 4.9 6.3 10.5 0.0 0 1 3 5 5
3620.4 671.4 1.4 89 0 8.3 6.7 10.5 0.0 0 0 3 1 1
3620.0 664.3 1.4 89 0 8.8 6.5 10.5 0.0 0 0 3 3 3
3617.2 658.6 1.4 89 0 15.4 5.4 10.5 0.0 0 0 3 1 1
3629.7 662.6 1.5 89 0 6.9 16.2 10.5 0.0 0 1 3 5 5
3631.2 656.6 1.6 89 0 6.5 5.2 10.5 0.0 0 0 3 3 3
3641.2 656.5 1.6 89 0 11.0 13.8 21.0 0.0 0 1 6 4 4
3650.5 656.4 1.7 89 0 5.8 14.2 10.5 0.0 0 1 3 2 2
3657.5 656.8 1.8 89 0 7.3 13.3 10.5 0.0 0 1 3 3 3
3667.6 657.5 1.9 91 0 10.2 14.2 21.0 0.0 0 1 6 3 3
3816.3 767.8 2.5 18 0 7.6 11.4 10.5 0.0 0 1 3 5 5
3821.6 757.2 2.5 18 0 15.6 7.6 10.5 0.0 0 0 3 0 0
3807.1 743.3 2.5 18 0 9.8 5.3 10.5 0.0 0 0 3 4 4
3817.4 742.2 2.5 18 0 12.9 8.9 10.5 0.0 0 0 3 2 2
3812.4 729.6 2.5 18 0 10.9 9.0 10.5 0.0 0 0 3 4 4
3804.9 707.6 2.5 14 0 7.7 11.8 10.5 3.5 2 1 3 5 5
3793.4 684.2 2.5 10 0 5.4 9.6 10.5 3.5 2 1 3 5 5
3749.9 676.6 2.3 92 0 8.1 9.4 10.5 3.5 2 1 3 2 2
3727.1 678.2 2.2 92 0 10.5 10.2 14.0 0.0 0 0 4 4 4
3709.3 704.5 2.1 182 0 5.4 6.8 10.5 3.5 2 1 3 4 4
3713.6 690.5 2.1 92 0 11.9 10.6 14.0 3.5 2 0 4 0 0
3700.5 694.7 2.1 182 0 14.3 6.1 10.5 0.0 0 0 3 1 1
3689.5 707.9 2.0 182 0 8.1 7.7 10.5 3.5 2 0 3 4 4
3696.4 668.4 2.0 92 0 14.4 5.9 10.5 0.0 0 0 3 5 5
3721.8 661.6 2.2 92 0 14.3 16.0 14.0 3.5 2 1 4 2 2
3740.4 663.5 2.3 92 0 11.7 11.6 14.0 3.5 2 0 4 2 2
3760.4 662.9 2.4 94 0 10.1 11.1 14.0 3.5 2 1 4 0 0
3770.2 662.6 2.5 98 0 6.4 9.2 10.5 3.5 4 1 3 1 1
3777.0 660.3 2.5 98 0 7.4 4.1 10.5 3.5 2 0 3 2 2
3778.7 664.8 2.5 100 0 5.3 10.1 10.5 3.5 2 1 3 0 0
3686.3 579.2 2.2 189 0 9.8 8.7 10.5 3.5 2 0 3 2 2
3676.7 579.8 2.1 189 0 6.3 7.8 10.5 0.0 0 1 3 3 3
3661.6 580.7 2.0 189 0 11.2 6.1 10.5 3.5 2 0 3 5 5
3664.2 596.9 2.0 189 0 9.9 17.2 10.5 3.5 4 1 3 4 4
3664.1 611.7 2.0 189 0 17.1 18.7 17.5 3.5 2 1 5 1 1
3710.1 595.3 2.3 190 0 8.1 4.3 10.5 3.5 2 0 3 4 4
3698.7 587.2 2.2 193 0 6.5 10.8 10.5 3.5 2 1 3 4 4
3685.3 611.1 2.1 192 0 13.8 17.6 17.5 3.5 2 1 5 3 3
3686.9 647.8 2.1 271 0 4.5 8.2 10.5 3.5 2 1 3 1 1
3672.4 627.0 2.0 181 0 5.5 6.2 10.5 3.5 2 1 3 4 4
3665.8 627.5 2.0 181 0 7.9 5.9 10.5 3.5 2 0 3 0 0
3666.0 635.6 2.0 181 0 6.2 9.6 10.5 3.5 2 1 3 2 2
3680.2 652.0 2.0 271 0 7.9 21.2 10.5 3.5 2 1 3 5 5
3693.4 651.9 2.1 181 0 5.1 7.5 10.5 3.5 4 1 3 2 2
3740.6 533.6 2.5 112 0 5.9 7.4 10.5 0.0 0 1 3 5 5
3738.0 538.8 2.5 21 0 7.2 8.0 10.5 3.5 2 1 3 0 0
3725.4 587.1 2.3 9 0 17.0 10.3 17.5 3.5 2 0 5 2 2
3686.2 594.3 2.2 191 0 16.6 12.2 17.5 3.5 2 0 5 3 3
3726.5 603.7 2.3 9 0 9.8 8.3 10.5 3.5 2 0 3 0 0
3753.9 555.7 2.6 105 0 5.3 6.4 10.5 3.5 2 1 3 3 3
3752.2 563.2 2.5 12 0 7.2 8.5 10.5 3.5 2 1 3 1 1
3742.1 562.5 2.4 17 0 12.5 10.8 17.5 3.5 4 0 5 2 2
3764.6 581.7 2.5 5 0 4.6 11.6 10.5 3.5 2 1 3 3 3
3767.1 587.1 2.5 14 0 6.0 10.3 10.5 0.0 0 1 3 2 2
3764.9 633.0 2.5 14 0 6.7 5.5 10.5 3.5 2 0 3 1 1
3770.3 610.7 2.5 100 0 7.5 12.8 10.5 3.5 2 1 3 4 4
3775.8 624.6 2.5 104 0 5.4 8.2 10.5 3.5 2 1 3 2 2
3783.7 645.9 2.5 10 0 16.2 7.2 10.5 3.5 2 0 3 1 1
3767.6 655.5 2.4 279 0 19.9 16.3 17.5 3.5 2 0 5 0 0
4230.9 772.7 0.1 90 0 19.5 11.0 17.5 3.5 2 0 5 2 2
4274.5 744.7 -0.0 0 0 5.9 5.7 10.5 3.5 2 0 3 0 0
4267.7 719.4 -0.1 0 0 7.2 7.5 10.5 3.5 2 1 3 1 1
4245.6 711.0 -0.0 0 0 6.4 7.7 10.5 0.0 0 1 3 0 0
4242.1 702.6 -0.0 0 0 5.8 6.7 10.5 3.5 2 1 3 3 3
4196.2 724.4 0.2 180 0 7.0 10.1 10.5 3.5 2 1 3 4 4
4252.1 650.1 -0.2 90 0 22.6 16.9 14.0 3.5 2 0 4 0 0
4242.3 678.7 -0.1 90 0 7.0 6.5 10.5 3.5 4 0 3 3 3
4241.3 671.1 -0.1 90 0 7.0 5.6 10.5 3.5 2 0 3 4 4
4236.8 662.9 -0.1 90 0 6.9 6.8 10.5 3.5 2 0 3 1 1
4224.9 651.4 -0.0 90 0 13.9 11.4 14.0 3.5 2 0 4 1 1
4209.1 697.3 0.1 180 0 12.9 10.0 14.0 3.5 2 0 4 2 2
4191.7 697.1 0.2 180 0 12.4 16.1 14.0 3.5 2 1 4 3 3
4191.6 684.6 0.2 180 0 8.2 16.3 10.5 3.5 2 1 3 5 5
4190.1 668.0 0.1 183 0 22.4 27.5 14.0 0.0 0 1 4 4 4
4276.1 661.7 -0.2 0 0 20.4 10.4 7.0 3.5 2 0 2 2 2
4278.5 703.6 -0.1 0 0 6.4 10.7 10.5 3.5 4 1 3 2 2
4277.9 693.6 -0.1 0 0 11.3 18.2 14.0 3.5 2 1 4 1 1
4273.0 711.7 -0.1 0 0 7.4 21.4 10.5 3.5 2 1 3 0 0
4273.5 759.3 -0.0 0 0 12.0 10.2 14.0 3.5 2 0 4 4 4
4253.6 771.7 0.0 90 0 23.9 14.2 17.5 3.5 4 0 5 5 5
4235.9 767.7 0.1 270 0 7.2 9.3 10.5 3.5 2 1 3 1 1
4226.0 756.3 0.1 270 0 12.7 9.5 10.5 3.5 2 0 3 1 1
4228.2 766.4 0.1 270 0 6.0 9.8 10.5 3.5 2 1 3 5 5
4195.4 765.2 0.3 270 0 7.7 6.2 10.5 0.0 0 0 3 0 0
4183.3 761.8 0.4 180 0 6.9 7.1 10.5 3.5 2 1 3 3 3
4176.2 760.6 0.4 180 0 7.6 6.2 10.5 3.5 2 0 3 3 3
4210.1 821.5 0.3 180 0 12.8 11.8 17.5 3.5 4 0 5 5 5
4210.1 798.4 0.2 180 0 29.8 11.4 17.5 3.5 2 0 5 4 4
4094.5 836.4 1.0 90 0 11.5 8.2 10.5 3.5 2 0 3 0 0
4062.8 827.9 1.1 90 0 5.4 10.8 10.5 3.5 2 1 3 0 0
4056.3 828.3 1.2 90 0 5.7 9.8 10.5 3.5 2 1 3 2 2
4003.4 838.6 1.5 90 0 9.0 10.2 10.5 3.5 4 1 3 0 0
4002.1 880.2 1.5 270 0 7.0 9.0 10.5 3.5 2 1 3 5 5
3991.3 877.5 1.6 270 0 10.9 8.9 10.5 3.5 2 0 3 4 4
3990.4 866.7 1.6 270 0 6.2 6.9 10.5 3.5 2 1 3 0 0
3953.4 842.1 2.2 180 0 8.2 7.3 10.5 3.5 2 0 3 2 2
3960.1 738.8 2.1 180 0 6.8 5.3 10.5 3.5 4 0 3 3 3
3951.6 738.4 2.3 180 0 6.8 7.6 10.5 3.5 2 1 3 0 0
3949.2 746.2 2.3 179 0 6.7 9.3 10.5 0.0 0 1 3 0 0
4180.0 725.1 0.4 359 0 6.9 7.8 10.5 0.0 0 1 3 4 4
4182.3 712.3 0.3 359 0 4.5 13.2 10.5 0.0 0 1 3 5 5
4166.5 712.3 0.4 359 0 5.8 6.4 10.5 0.0 0 1 3 5 5
4175.6 718.5 0.4 359 0 4.9 11.9 10.5 0.0 0 1 3 2 2
4153.2 738.1 0.5 269 0 7.3 5.4 10.5 0.0 0 0 3 0 0
4167.7 736.3 0.4 359 0 6.8 8.0 10.5 0.0 0 1 3 4 4
4155.7 750.1 0.5 269 0 12.0 10.4 21.0 0.0 0 0 6 2 2
4138.8 742.9 0.6 269 0 7.1 9.3 10.5 0.0 0 1 3 5 5
4132.8 752.6 0.6 270 0 16.3 7.3 10.5 0.0 0 0 3 1 1
4126.6 743.7 0.6 268 0 13.8 11.2 21.0 0.0 0 0 6 2 2
4115.2 750.7 0.7 268 0 7.7 6.0 10.5 0.0 0 0 3 1 1
4114.6 743.6 0.7 268 0 6.9 5.6 10.5 0.0 0 0 3 1 1
4114.1 736.3 0.7 268 0 6.4 11.7 10.5 0.0 0 1 3 2 2
4110.7 752.6 0.8 358 0 5.2 5.3 10.5 0.0 0 1 3 2 2
4098.9 754.4 0.8 268 0 10.4 6.0 10.5 0.0 0 0 3 4 4
4088.2 753.6 0.9 268 0 9.2 6.1 10.5 0.0 0 0 3 2 2
4079.1 753.3 0.9 268 0 7.3 7.0 10.5 0.0 0 0 3 3 3
4069.3 753.1 1.0 268 0 9.0 7.6 10.5 0.0 0 0 3 5 5
4059.4 752.8 1.0 268 0 7.4 7.1 10.5 0.0 0 0 3 0 0
4086.0 711.9 0.8 267 0 13.8 9.6 10.5 0.0 0 0 3 2 2
4083.3 686.4 0.8 91 0 8.7 13.4 10.5 0.0 0 1 3 1 1
4093.6 656.1 0.7 91 0 4.7 8.6 10.5 0.0 0 1 3 1 1
4085.2 657.4 0.7 90 0 8.4 12.6 10.5 0.0 0 1 3 2 2
4083.9 671.8 0.8 88 0 8.5 12.7 10.5 0.0 0 1 3 0 0
4093.1 666.2 0.7 90 0 6.0 10.1 10.5 0.0 0 1 3 0 0
4092.2 678.2 0.7 88 0 7.4 9.4 10.5 0.0 0 1 3 4 4
4099.3 721.9 0.8 270 0 7.1 11.2 10.5 0.0 0 1 3 4 4
4101.3 684.0 0.7 91 0 8.2 10.6 10.5 0.0 0 1 3 4 4
4100.5 672.6 0.7 91 0 8.1 9.9 10.5 0.0 0 1 3 0 0
4102.1 659.8 0.7 90 0 8.3 11.2 10.5 0.0 0 1 3 1 1
4067.6 666.6 0.8 87 0 15.0 32.0 21.0 0.0 0 1 6 4 4
4113.0 655.1 0.6 91 0 7.5 22.1 10.5 0.0 0 1 3 2 2
4130.5 714.0 0.6 271 0 8.2 5.3 10.5 0.0 0 0 3 4 4
4169.3 760.3 0.5 2 0 5.8 16.5 10.5 0.0 0 1 3 2 2
4108.7 760.5 0.8 2 0 4.9 7.4 10.5 3.5 2 1 3 2 2
4084.1 759.7 0.9 2 0 4.7 6.5 10.5 3.5 2 1 3 1 1
4052.5 758.7 1.1 92 0 9.4 4.8 10.5 3.5 2 0 3 5 5
4036.4 759.2 1.2 92 0 9.1 4.9 10.5 3.5 4 0 3 2 2
4048.0 740.7 1.1 271 0 5.1 11.2 10.5 0.0 0 1 3 4 4
4070.3 728.5 0.8 266 0 38.2 16.5 21.0 3.5 2 0 6 1 1
4069.5 744.5 0.9 265 0 34.5 13.5 21.0 0.0 0 0 6 1 1
4008.5 723.2 1.2 182 0 11.1 15.2 21.0 0.0 0 1 6 0 0
4025.0 722.1 1.1 182 0 10.4 17.3 21.0 0.0 0 1 6 2 2
4050.4 753.1 1.1 272 0 7.7 8.6 10.5 0.0 0 1 3 4 4
4040.5 753.5 1.1 272 0 8.5 10.4 10.5 0.0 0 1 3 2 2
4010.8 741.3 1.3 91 0 10.8 12.4 21.0 0.0 0 1 6 4 4
4006.5 759.1 1.3 181 0 8.7 9.3 10.5 3.5 4 1 3 3 3
4002.8 733.8 1.4 1 0 6.8 9.3 10.5 3.5 2 1 3 0 0
4002.3 716.5 1.4 1 0 6.8 10.4 10.5 3.5 2 1 3 1 1
3954.8 722.8 2.0 181 0 15.1 17.3 14.0 3.5 2 1 4 0 0
3961.9 665.7 2.2 91 0 8.7 6.6 10.5 3.5 2 0 3 3 3
3947.3 684.6 2.3 181 0 10.0 10.9 10.5 3.5 2 1 3 5 5
3998.6 669.0 1.5 271 0 7.6 5.1 10.5 3.5 2 0 3 0 0
3998.9 679.1 1.4 271 0 8.5 9.2 10.5 0.0 0 1 3 0 0
3995.8 698.6 1.5 1 0 22.9 11.8 14.0 3.5 4 0 4 3 3
3995.9 658.0 1.5 90 0 11.9 4.9 10.5 3.5 2 0 3 0 0
3972.5 658.9 2.0 90 0 11.2 8.7 10.5 0.0 0 0 3 0 0
3965.0 651.4 2.1 90 0 10.1 6.3 10.5 3.5 4 0 3 3 3
3959.2 652.5 2.3 0 0 6.9 8.5 10.5 3.5 2 1 3 3 3
3944.4 648.0 2.6 90 0 5.8 7.8 10.5 3.5 2 1 3 1 1
3929.2 621.1 2.9 270 0 12.6 5.9 10.5 3.5 2 0 3 5 5
4031.2 562.9 0.9 90 0 15.7 11.0 17.5 3.5 2 0 5 4 4
4049.0 562.9 0.8 90 0 16.0 13.1 17.5 3.5 2 0 5 4 4
4092.2 634.5 0.7 270 0 10.3 8.3 10.5 3.5 2 0 3 5 5
4102.6 634.1 0.6 270 0 7.2 11.8 10.5 0.0 0 1 3 5 5
4086.8 577.4 0.6 0 0 9.7 7.8 10.5 3.5 2 0 3 5 5
4110.3 590.0 0.5 0 0 7.5 10.3 10.5 3.5 2 1 3 3 3
4114.7 580.5 0.5 0 0 10.9 10.1 17.5 3.5 2 0 5 4 4
4121.6 570.4 0.4 4 0 5.4 6.1 10.5 3.5 2 1 3 2 2
4085.7 547.3 0.6 94 0 6.2 5.1 10.5 3.5 4 0 3 2 2
4087.5 559.0 0.6 94 0 5.9 6.7 10.5 3.5 2 1 3 2 2
4099.6 559.2 0.5 4 0 7.9 8.2 10.5 3.5 2 1 3 1 1
4120.9 556.3 0.4 4 0 7.3 10.2 10.5 3.5 2 1 3 5 5
4116.5 548.3 0.4 4 0 6.4 6.6 10.5 3.5 2 1 3 5 5
4114.7 541.3 0.4 4 0 5.6 6.0 10.5 3.5 2 1 3 4 4
4107.2 531.0 0.4 85 0 7.5 7.3 10.5 3.5 2 0 3 0 0
4098.2 530.3 0.5 90 0 7.1 10.1 10.5 3.5 2 1 3 3 3
4081.2 533.5 0.6 90 0 3.8 10.7 10.5 3.5 2 1 3 4 4
4071.3 611.5 0.7 270 0 6.5 6.0 10.5 3.5 2 0 3 1 1
4072.7 630.3 0.8 270 0 8.1 5.1 10.5 3.5 2 0 3 0 0
4114.3 617.9 0.5 360 0 5.4 5.9 10.5 3.5 2 1 3 5 5
4114.0 624.5 0.6 360 0 5.2 6.0 10.5 0.0 0 1 3 3 3
4125.3 619.3 0.5 360 0 10.0 10.0 10.5 3.5 4 1 3 0 0
4124.2 629.9 0.5 360 0 10.4 9.5 10.5 3.5 2 0 3 3 3
4099.1 643.0 0.6 270 0 9.7 6.2 10.5 3.5 2 0 3 2 2
3639.5 680.3 1.6 89 0 6.5 6.3 10.5 0.0 0 0 3 5 5
3620.6 679.0 1.4 89 0 5.7 3.8 10.5 0.0 0 0 3 5 5
3627.6 679.9 1.5 89 0 7.0 5.5 10.5 0.0 0 0 3 5 5
3733.8 782.6 2.0 359 0 16.1 11.4 21.0 0.0 0 0 6 3 3
3734.8 768.0 2.0 359 0 7.8 21.0 10.5 0.0 0 1 3 3 3
3711.1 756.7 2.0 269 0 11.0 17.5 14.0 3.5 2 1 4 1 1
3659.0 715.2 1.7 262 0 12.4 8.8 10.5 0.0 0 0 3 1 1
3648.2 711.6 1.6 359 0 9.4 8.3 10.5 0.0 0 0 3 1 1
3624.0 707.7 1.4 359 0 7.7 5.1 10.5 0.0 0 0 3 4 4
3617.9 709.3 1.4 359 0 7.2 4.9 10.5 0.0 0 0 3 2 2
3665.1 696.0 1.8 89 0 7.6 8.3 10.5 0.0 0 1 3 2 2
3631.9 697.9 1.3 359 0 9.7 21.5 10.5 0.0 0 1 3 3 3
3637.4 692.1 1.6 359 0 7.4 3.6 10.5 0.0 0 0 3 1 1
3643.6 692.5 1.6 359 0 8.3 5.4 10.5 0.0 0 0 3 5 5
3648.5 684.2 1.7 359 0 6.5 4.9 10.5 0.0 0 0 3 5 5
3649.8 691.8 1.7 359 0 6.9 5.6 10.5 0.0 0 0 3 2 2
3645.5 700.9 1.6 359 0 4.8 6.2 10.5 0.0 0 1 3 2 2
3652.5 699.1 1.7 359 0 7.1 6.0 10.5 0.0 0 0 3 3 3
3660.0 700.7 1.8 359 0 6.7 6.3 10.5 0.0 0 0 3 3 3
3658.5 693.8 1.8 359 0 5.2 5.7 10.5 0.0 0 1 3 0 0
3658.7 686.1 1.7 359 0 7.3 8.4 10.5 0.0 0 1 3 0 0
3664.1 690.7 1.8 359 0 7.2 4.9 10.5 0.0 0 0 3 3 3
3668.8 690.2 1.9 89 0 7.8 4.8 10.5 0.0 0 0 3 0 0
3671.7 682.7 1.9 89 0 3.1 6.7 10.5 0.0 0 1 3 2 2
3669.6 684.1 1.8 359 0 3.4 10.6 10.5 0.0 0 1 3 3 3
3645.2 671.7 1.7 89 0 7.0 7.9 10.5 0.0 0 1 3 3 3
3637.3 671.9 1.6 89 0 5.6 6.8 10.5 0.0 0 1 3 1 1
3624.5 686.6 1.5 89 0 6.5 5.4 10.5 0.0 0 0 3 2 2
3615.7 683.3 1.4 89 0 8.9 7.4 10.5 0.0 0 0 3 2 2
3669.3 676.9 1.7 359 0 9.7 20.1 10.5 0.0 0 1 3 4 4
3913.9 872.0 2.8 88 0 8.5 16.3 10.5 3.5 4 1 3 4 4
3897.3 881.2 2.7 178 0 14.4 9.8 10.5 3.5 2 0 3 1 1
3885.9 866.6 2.7 89 0 7.6 9.9 10.5 3.5 4 1 3 4 4
3877.6 867.1 2.7 89 0 5.5 10.9 10.5 3.5 2 1 3 0 0
3869.4 866.2 2.6 88 0 8.5 17.6 10.5 3.5 2 1 3 3 3
3858.0 874.2 2.5 89 0 9.7 13.3 10.5 3.5 2 1 3 5 5
3849.0 867.4 2.5 88 0 7.0 8.4 10.5 3.5 4 1 3 0 0
3805.0 775.6 2.4 9 0 11.7 15.3 21.0 0.0 0 1 6 2 2
3780.8 736.0 2.4 117 0 11.1 11.6 21.0 0.0 0 1 6 4 4
4283.2 658.0 -0.1 184 0 18.9 14.5 7.0 3.5 2 0 2 5 5
5113.9 864.5 1.2 91 0 37.7 4.5 10.5 3.5 2 0 3 0 0
5086.5 864.2 1.2 96 0 8.0 28.3 10.5 3.5 2 1 3 2 2
5078.1 882.2 1.2 90 0 9.8 16.4 10.5 3.5 2 1 3 4 4
5019.2 888.1 1.2 91 0 16.4 18.3 17.5 3.5 4 1 5 3 3
5189.4 717.0 1.1 359 0 5.3 15.3 10.5 0.0 0 1 3 3 3
5187.6 728.0 1.0 356 0 7.6 14.9 10.5 3.5 2 1 3 4 4
5149.2 739.0 1.1 355 0 8.0 5.3 10.5 3.5 2 0 3 3 3
5102.9 686.9 1.4 276 0 14.8 8.2 10.5 3.5 2 0 3 1 1
5104.9 692.2 1.4 90 0 12.9 9.4 10.5 3.5 2 0 3 4 4
5162.2 694.2 1.2 88 0 6.7 7.3 10.5 3.5 4 1 3 1 1
5148.7 695.7 1.2 88 0 7.7 10.1 10.5 3.5 2 1 3 4 4
5131.2 729.9 1.2 87 0 10.1 11.3 14.0 3.5 2 1 4 1 1
5077.7 738.5 1.3 189 0 10.5 25.4 14.0 3.5 4 1 4 3 3
5184.2 750.7 1.0 1 0 11.6 14.2 14.0 3.5 2 1 4 3 3
5175.2 786.4 1.1 4 0 5.2 7.8 10.5 3.5 2 1 3 0 0
5165.2 766.9 1.0 4 0 12.6 11.6 14.0 3.5 4 0 4 2 2
5100.1 832.6 1.1 176 0 24.8 8.5 10.5 3.5 2 0 3 1 1
5387.2 749.5 1.1 281 0 9.5 26.6 10.5 3.5 4 1 3 5 5
5407.5 799.8 1.3 107 0 11.4 4.8 10.5 3.5 4 0 3 4 4
5392.8 801.8 1.3 100 0 12.6 8.1 10.5 3.5 2 0 3 3 3
5427.3 851.3 1.5 93 0 8.0 8.3 10.5 3.5 2 1 3 3 3
5409.5 832.5 1.4 98 0 5.2 11.4 10.5 3.5 2 1 3 4 4
5546.4 676.3 1.6 276 0 38.7 7.7 10.5 0.0 0 0 3 2 2
5473.6 779.3 1.6 99 0 6.0 8.9 10.5 3.5 2 1 3 4 4
5463.8 781.2 1.5 105 0 10.9 8.2 10.5 3.5 2 0 3 5 5
5480.4 891.7 1.8 271 0 6.7 11.8 10.5 3.5 2 1 3 1 1
5528.2 1239.1 -0.1 258 0 10.0 12.3 10.5 3.5 2 1 3 1 1
5522.8 1072.9 1.1 274 0 11.9 9.9 10.5 0.0 0 0 3 5 5
5592.3 911.5 2.3 10 0 6.8 9.0 10.5 3.5 2 1 3 5 5
5604.3 888.9 2.3 6 0 6.3 10.2 10.5 0.0 0 1 3 0 0
5593.0 866.2 2.2 18 0 5.3 11.6 10.5 3.5 2 1 3 5 5
5573.2 901.9 2.2 1 0 11.9 12.0 14.0 3.5 2 1 4 5 5
5649.7 1123.0 1.2 83 0 15.9 15.7 14.0 3.5 2 0 4 4 4
5718.9 1118.2 1.7 271 0 11.9 27.6 14.0 0.0 0 1 4 3 3
5694.3 1119.7 1.6 271 0 11.7 27.3 14.0 3.5 2 1 4 0 0
5698.6 1061.5 1.7 0 0 29.0 12.0 14.0 3.5 2 0 4 4 4
5652.8 1011.6 1.6 92 0 10.6 19.2 14.0 3.5 2 1 4 4 4
5661.8 1001.3 1.8 1 0 17.6 12.0 14.0 3.5 2 0 4 3 3
5615.1 930.3 2.2 90 0 14.5 21.2 14.0 3.5 2 1 4 2 2
5594.3 937.6 2.2 9 0 9.5 36.4 10.5 3.5 2 1 3 4 4
5583.7 797.0 2.1 218 0 9.6 9.0 10.5 3.5 2 0 3 0 0
5559.4 772.2 1.9 209 0 19.0 6.4 10.5 3.5 2 0 3 3 3
5551.7 773.1 1.8 210 0 22.3 6.1 10.5 3.5 2 0 3 1 1
5639.4 811.5 2.4 191 0 6.6 9.6 10.5 3.5 2 1 3 2 2
5677.3 860.4 2.6 202 0 9.3 13.4 10.5 3.5 2 1 3 3 3
5657.8 790.1 2.3 100 0 20.9 21.6 17.5 3.5 2 1 5 0 0
5642.9 762.4 2.2 103 0 11.6 24.1 17.5 3.5 2 1 5 4 4
5643.3 852.5 2.4 201 0 21.0 10.6 17.5 3.5 2 0 5 0 0
5152.2 903.3 1.3 0 0 15.0 13.6 17.5 3.5 2 0 5 5 5
5155.6 875.3 1.2 360 0 11.4 17.9 17.5 3.5 2 1 5 4 4
5172.6 889.5 1.3 176 0 21.5 10.4 14.0 3.5 2 0 4 3 3
5165.3 885.9 1.3 173 0 34.4 5.9 10.5 3.5 2 0 3 2 2
5238.5 785.4 1.1 271 0 10.4 12.5 17.5 3.5 2 1 5 3 3
5191.4 793.6 1.1 181 0 14.8 13.1 17.5 3.5 2 0 5 5 5
5201.0 842.3 1.1 274 0 10.4 31.7 17.5 0.0 0 1 5 5 5
5225.2 826.1 1.2 277 0 7.3 15.0 10.5 3.5 2 1 3 0 0
5233.8 828.6 1.2 274 0 7.6 10.7 10.5 3.5 2 1 3 0 0
5257.8 827.8 1.2 275 0 6.5 14.4 10.5 3.5 2 1 3 1 1
5418.1 805.2 1.4 101 0 7.3 19.5 10.5 3.5 2 1 3 1 1
5336.3 896.0 1.4 93 0 9.0 12.0 10.5 3.5 2 1 3 4 4
5258.2 894.2 1.4 95 0 13.1 11.5 14.0 3.5 2 0 4 5 5
5258.0 928.9 1.4 275 0 18.7 12.0 14.0 3.5 2 0 4 0 0
5231.8 877.7 1.3 90 0 11.6 37.1 14.0 3.5 4 1 4 1 1
5452.9 785.6 1.5 99 0 4.2 7.3 10.5 3.5 2 1 3 5 5
5434.9 790.1 1.4 101 0 7.8 17.5 10.5 3.5 2 1 3 1 1
5403.1 777.3 1.2 281 0 11.8 15.9 17.5 3.5 2 1 5 3 3
5389.7 778.1 1.2 284 0 10.0 19.4 10.5 3.5 2 1 3 4 4
5354.6 824.7 1.3 91 0 10.6 18.9 14.0 3.5 2 1 4 2 2
5334.8 819.0 1.3 105 0 17.8 16.7 14.0 3.5 2 0 4 3 3
5319.1 806.5 1.2 281 0 12.8 16.6 17.5 3.5 2 1 5 4 4
5305.4 809.6 1.1 280 0 13.1 27.0 17.5 3.5 2 1 5 4 4
5279.8 820.0 1.2 275 0 8.3 12.5 10.5 3.5 2 1 3 3 3
5590.6 699.1 1.7 275 0 66.9 14.9 17.5 3.5 2 0 5 1 1
5508.9 780.9 1.7 107 0 15.0 23.5 14.0 3.5 2 1 4 1 1
5530.3 814.5 1.8 11 0 22.3 19.5 14.0 3.5 2 0 4 5 5
5497.0 923.9 1.9 273 0 9.8 15.6 10.5 3.5 2 1 3 2 2
5519.0 927.2 2.0 265 0 8.1 16.5 10.5 3.5 2 1 3 2 2
5507.8 923.5 2.0 274 0 9.7 16.2 10.5 3.5 2 1 3 4 4
5478.8 754.0 1.4 277 0 11.5 33.3 17.5 3.5 2 1 5 5 5
5422.9 753.0 1.2 284 0 9.8 22.2 10.5 3.5 2 1 3 2 2
5403.8 748.6 1.1 277 0 18.9 12.0 17.5 0.0 0 0 5 3 3
5494.2 740.4 1.4 276 0 15.7 30.0 17.5 3.5 2 1 5 5 5
-308.4 140.2 -0.2 285 0 11.2 35.8 14.0 3.5 2 1 4 2 2
-373.9 171.1 -0.1 288 0 7.1 13.4 10.5 3.5 2 1 3 0 0
-487.9 234.9 0.1 100 0 14.4 27.8 14.0 0.0 0 1 4 4 4
-529.9 287.4 0.3 186 0 19.3 10.0 14.0 3.5 2 0 4 0 0
-336.9 133.7 -0.2 291 0 12.7 6.3 10.5 3.5 2 0 3 4 4
-300.9 166.8 -0.0 104 0 7.8 21.8 10.5 3.5 2 1 3 4 4
-210.9 134.4 -0.1 108 0 7.7 8.2 10.5 3.5 2 1 3 3 3
-198.6 124.0 -0.2 281 0 7.3 13.3 10.5 3.5 2 1 3 1 1
-135.3 5.4 -0.5 108 0 16.4 12.7 14.0 3.5 4 0 4 2 2
5600.3 2611.5 -4.1 294 0 15.8 16.8 14.0 3.5 2 1 4 0 0
6023.2 1651.2 -0.7 233 0 11.9 31.1 17.5 3.5 2 1 5 2 2
6057.7 1575.1 -0.3 54 0 8.5 7.1 10.5 3.5 2 0 3 4 4
6031.0 1545.4 -0.3 135 0 16.4 13.4 17.5 0.0 0 0 5 0 0
6098.3 1576.0 -0.4 48 0 11.8 31.9 17.5 0.0 0 1 5 0 0
5991.2 1621.7 -0.6 233 0 9.8 31.9 10.5 3.5 2 1 3 5 5
5991.2 1573.8 -0.5 53 0 11.1 29.0 17.5 0.0 0 1 5 4 4
6006.9 1640.8 -0.7 240 0 10.1 6.6 10.5 3.5 4 0 3 2 2
6105.9 1544.8 -0.4 254 0 12.8 12.5 17.5 3.5 2 0 5 0 0
6124.9 1576.9 -0.6 236 0 9.7 14.2 10.5 3.5 2 1 3 2 2
6062.9 1647.5 -0.7 325 0 6.7 18.0 10.5 0.0 0 1 3 0 0
6054.9 1657.8 -0.7 323 0 7.2 18.5 10.5 3.5 2 1 3 1 1
6021.2 1553.2 -0.2 137 0 8.5 7.2 10.5 0.0 0 0 3 3 3
6067.7 1531.2 -0.1 54 0 23.7 11.5 17.5 3.5 2 0 5 5 5
6081.0 1541.2 -0.2 52 0 10.3 15.3 17.5 3.5 2 0 5 4 4
6092.3 1548.6 -0.2 55 0 11.3 9.1 10.5 3.5 2 0 3 3 3
6045.2 1466.4 0.2 299 0 10.8 12.0 14.0 3.5 2 1 4 5 5
4763.8 966.2 1.6 181 0 20.3 17.0 17.5 3.5 2 0 5 2 2
4693.7 1580.7 1.0 11 0 22.0 17.1 14.0 0.0 0 0 4 5 5
4705.5 1622.3 0.8 10 0 23.4 17.4 14.0 3.5 2 0 4 3 3
4713.2 1603.1 0.8 15 0 37.0 17.7 14.0 3.5 2 0 4 3 3
3787.6 1839.4 3.2 190 0 30.4 12.8 7.0 0.0 0 0 2 3 3
3881.1 1756.6 2.6 182 0 12.9 14.0 14.0 0.0 0 1 4 3 3
3891.0 1731.2 2.6 180 0 9.6 14.1 10.5 0.0 0 1 3 4 4
3753.6 1873.3 3.3 270 0 16.5 15.9 17.5 3.5 4 0 5 1 1
4938.5 1635.2 0.4 88 0 20.2 11.3 17.5 3.5 2 0 5 5 5
4726.9 1626.2 0.7 201 0 15.2 20.8 17.5 3.5 4 1 5 1 1
4413.0 1731.2 -0.5 278 0 32.9 33.3 14.0 0.0 0 1 4 3 3
3684.0 3468.0 -4.0 350 0 63.5 16.3 10.5 3.5 2 0 3 1 1
3720.2 3421.1 -3.7 264 0 13.7 29.5 14.0 3.5 2 1 4 1 1
3765.7 3423.8 -3.5 175 0 11.6 46.7 14.0 3.5 2 1 4 4 4
3584.8 3407.1 -4.2 54 0 13.8 33.6 17.5 3.5 2 1 5 3 3
630.1 -255.6 -1.1 209 0 7.1 12.6 10.5 3.5 2 0 3 2 2
632.3 -295.1 -1.2 208 0 3.9 12.4 10.5 3.5 2 1 3 3 3
651.1 -279.3 -1.2 213 0 6.5 11.0 10.5 3.5 4 1 3 1 1
-122.1 -51.8 -0.7 94 0 7.1 14.9 10.5 3.5 2 1 3 2 2
-208.7 96.2 -0.3 295 0 7.0 8.7 10.5 3.5 2 1 3 5 5
-185.5 120.1 -0.2 286 0 6.1 5.2 10.5 3.5 2 0 3 1 1
-170.6 113.9 -0.2 297 0 4.7 9.2 10.5 3.5 2 1 3 1 1
-125.8 84.0 -0.3 294 0 6.1 8.6 10.5 3.5 2 1 3 0 0
-127.8 70.3 -0.3 15 0 4.7 8.5 10.5 3.5 2 1 3 0 0
-154.7 36.1 -0.4 277 0 9.3 12.9 10.5 3.5 4 1 3 5 5
-161.1 -8.9 -0.6 297 0 6.9 12.1 10.5 3.5 2 1 3 0 0
-101.1 -36.7 -0.6 186 0 9.2 7.6 10.5 3.5 2 0 3 1 1
-68.8 77.7 -0.3 288 0 6.8 9.7 10.5 3.5 2 1 3 5 5
-70.6 83.8 -0.2 107 0 5.0 6.4 10.5 3.5 2 1 3 3 3
-0.7 32.8 -0.4 25 0 6.2 12.7 10.5 3.5 4 1 3 5 5
-32.1 -27.9 -0.6 21 0 7.3 11.9 10.5 3.5 2 1 3 3 3
-56.4 -67.9 -0.7 111 0 11.9 11.0 7.0 3.5 2 0 2 1 1
-162.1 -111.4 -0.8 100 0 7.7 10.6 10.5 3.5 2 1 3 0 0
2036.9 -7530.1 0.3 115 0 4.9 9.9 2.5 2.5 2 1 1 1 1
2701.2 -7192.8 -7.2 90 0 8.4 8.1 7.5 2.5 2 0 3 5 5
2640.4 -7148.1 -7.1 102 0 7.9 18.5 5.0 2.5 2 1 2 3 3
2068.3 -7421.9 -0.1 278 0 5.8 11.1 5.0 2.5 2 1 2 3 3
2015.8 -7394.7 0.0 296 0 6.6 8.2 2.5 2.5 2 1 1 5 5
2023.7 -7398.4 0.0 290 0 5.1 8.9 7.5 2.5 2 1 3 4 4
3392.2 -5501.4 -9.2 109 0 10.9 9.5 5.0 2.5 2 0 2 3 3
3126.9 -5624.7 -9.2 99 0 6.5 4.6 5.0 2.5 2 0 2 4 4
3303.6 -5625.4 -9.3 26 0 7.2 8.1 5.0 0.0 0 1 2 1 1
3296.4 -5564.7 -9.2 280 0 7.0 7.6 7.5 2.5 4 1 3 3 3
3321.5 -5584.0 -9.2 5 0 7.4 9.6 2.5 0.0 0 1 1 4 4
3166.8 -5836.3 -9.5 279 0 3.9 19.1 5.0 2.5 2 1 2 3 3
3183.7 -5900.4 -9.5 13 0 5.0 7.3 5.0 2.5 2 1 2 4 4
3227.6 -5767.8 -9.4 196 0 7.4 5.0 7.5 2.5 2 0 3 3 3
-2284.7 1536.0 3.8 104 0 7.5 22.3 10.5 3.5 2 1 3 3 3
-2276.9 1558.6 3.9 104 0 8.7 8.9 10.5 0.0 0 1 3 2 2
3706.8 1714.1 4.7 188 0 22.4 18.8 14.0 3.5 2 0 4 1 1
5087.6 1558.5 -0.2 295 0 18.6 11.0 17.5 3.5 2 0 5 1 1
5030.9 1470.2 0.8 207 0 17.2 9.5 10.5 3.5 2 0 3 3 3
5023.4 1197.3 1.9 358 0 7.4 16.2 10.5 3.5 2 1 3 4 4
4962.8 1168.0 1.8 357 0 9.9 21.0 10.5 3.5 2 1 3 0 0
4953.5 1255.3 1.9 260 0 11.5 18.6 17.5 3.5 2 1 5 4 4
4924.8 1257.9 1.9 269 0 13.3 18.9 17.5 3.5 4 1 5 3 3
4931.0 1534.4 1.2 268 0 16.5 7.9 10.5 3.5 2 0 3 5 5
4941.4 1503.4 1.3 358 0 8.5 33.7 10.5 3.5 2 1 3 1 1
4917.1 1480.8 1.5 100 0 19.9 8.0 10.5 3.5 2 0 3 5 5
4927.7 1459.9 1.6 112 0 19.4 16.1 17.5 3.5 4 0 5 4 4
69.9 295.9 0.4 358 0 6.0 15.9 10.5 3.5 2 1 3 2 2
41.0 19.8 -0.4 292 0 10.1 7.4 10.5 3.5 2 0 3 3 3
7.9 32.2 -0.4 293 0 4.7 8.6 10.5 0.0 0 1 3 4 4
80.3 -41.3 -0.6 5 0 9.0 11.4 10.5 3.5 4 1 3 4 4
124.5 -174.1 -1.0 111 0 7.6 9.1 10.5 0.0 0 1 3 2 2
147.8 -160.7 -0.9 111 0 9.2 6.1 10.5 3.5 2 0 3 0 0
121.0 -111.5 -0.8 298 0 5.2 9.7 10.5 3.5 2 1 3 0 0
151.5 -114.3 -0.8 290 0 8.8 10.5 10.5 0.0 0 1 3 4 4
146.4 -127.2 -0.9 298 0 8.0 14.1 10.5 3.5 2 1 3 3 3
138.9 -142.9 -0.9 296 0 7.3 14.0 10.5 3.5 2 0 3 5 5
285.2 -1.0 -0.4 15 0 6.4 7.2 10.5 3.5 2 1 3 2 2
293.6 -13.7 -0.4 119 0 14.3 4.8 10.5 3.5 2 0 3 0 0
313.8 -15.2 -0.4 96 0 9.2 6.7 10.5 3.5 2 0 3 4 4
326.1 -15.6 -0.4 97 0 8.9 6.1 10.5 3.5 2 0 3 3 3
349.7 -24.0 -0.5 271 0 7.4 6.3 10.5 0.0 0 0 3 5 5
348.6 -32.8 -0.5 272 0 6.8 6.8 10.5 3.5 2 1 3 0 0
300.7 -74.6 -0.6 214 0 7.2 6.2 10.5 3.5 2 0 3 1 1
288.0 -56.0 -0.6 292 0 3.4 10.3 10.5 3.5 2 1 3 5 5
291.6 -47.9 -0.5 8 0 4.1 10.1 10.5 3.5 2 1 3 5 5
243.5 -92.3 -0.7 179 0 12.9 5.8 10.5 3.5 2 0 3 4 4
252.6 -51.7 -0.6 184 0 6.6 9.9 10.5 3.5 2 1 3 2 2
235.7 -59.4 -0.6 115 0 7.3 9.0 10.5 3.5 2 1 3 3 3
136.7 -99.4 -0.7 27 0 8.9 6.6 10.5 0.0 0 0 3 4 4
157.5 -95.5 -0.7 212 0 10.8 8.3 10.5 3.5 2 0 3 0 0
157.2 -86.8 -0.7 34 0 7.3 9.5 10.5 0.0 0 1 3 4 4
117.4 -26.1 -0.5 230 0 5.9 9.1 10.5 3.5 2 0 3 4 4
106.5 -10.3 -0.5 36 0 4.6 7.9 10.5 3.5 2 1 3 0 0
106.7 5.5 -0.4 97 0 5.4 8.1 10.5 0.0 0 1 3 1 1
75.7 23.7 -0.4 94 0 8.1 9.5 10.5 0.0 0 1 3 3 3
79.8 9.7 -0.4 210 0 9.3 7.6 10.5 3.5 2 0 3 5 5
156.0 14.9 -0.4 205 0 4.9 8.4 10.5 3.5 2 1 3 5 5
136.9 30.6 -0.4 9 0 8.3 13.5 10.5 3.5 2 1 3 5 5
155.3 27.1 -0.4 2 0 7.0 9.8 10.5 3.5 2 1 3 5 5
83.3 104.1 -0.2 180 0 10.0 9.2 10.5 3.5 2 0 3 0 0
98.6 83.0 -0.2 113 0 11.3 7.5 10.5 0.0 0 0 3 5 5
76.6 164.7 0.0 1 0 8.6 5.3 10.5 3.5 2 0 3 5 5
69.2 188.0 0.1 4 0 19.7 11.9 10.5 0.0 0 0 3 4 4
-108.2 148.8 -0.1 12 0 9.5 6.2 10.5 3.5 2 0 3 4 4
-123.0 159.7 -0.1 290 0 6.7 9.0 10.5 3.5 2 0 3 2 2
-130.6 159.7 -0.0 284 0 6.4 6.8 10.5 3.5 2 0 3 4 4
-177.4 194.0 0.1 12 0 10.9 5.3 10.5 3.5 2 0 3 0 0
-126.3 -3.1 -0.5 202 0 9.2 10.3 10.5 3.5 2 1 3 2 2
-80.5 -0.6 -0.5 106 0 8.3 8.8 10.5 3.5 2 1 3 4 4
-149.2 105.3 -0.2 303 0 9.2 4.5 10.5 3.5 2 0 3 0 0
-163.3 123.1 -0.2 21 0 9.0 7.6 10.5 3.5 2 0 3 3 3
-182.5 169.7 -0.0 297 0 6.7 8.7 10.5 3.5 2 1 3 3 3
-408.1 312.5 0.4 99 0 13.3 11.1 10.5 3.5 2 0 3 4 4
-474.6 218.5 0.1 285 0 6.5 13.1 10.5 3.5 2 1 3 3 3
-589.9 9.5 -0.6 100 0 4.7 13.6 10.5 3.5 2 1 3 4 4
-585.5 25.6 -0.5 103 0 5.9 8.7 10.5 3.5 2 1 3 5 5
-555.8 65.1 -0.4 288 0 5.2 12.1 10.5 3.5 2 1 3 2 2
-569.6 65.6 -0.4 284 0 9.5 9.3 10.5 0.0 0 0 3 3 3
-513.7 74.5 -0.3 106 0 5.5 8.2 10.5 3.5 2 1 3 2 2
-523.4 74.9 -0.3 101 0 8.2 9.6 10.5 3.5 2 1 3 2 2
-450.9 149.5 -0.1 18 0 13.5 12.1 14.0 3.5 4 0 4 2 2
-99.3 -7.0 -0.5 195 0 9.7 7.9 10.5 3.5 2 0 3 1 1
-100.4 -2.0 -0.5 99 0 4.7 10.2 10.5 3.5 2 0 3 0 0
-18.2 125.2 -0.1 95 0 7.2 10.2 10.5 3.5 2 1 3 5 5
218.7 -33.0 -0.5 222 0 10.5 6.9 10.5 3.5 2 0 3 4 4
199.7 -48.0 -0.6 228 0 10.8 8.1 10.5 3.5 2 0 3 5 5
208.0 -12.1 -0.5 19 0 16.6 8.9 10.5 3.5 4 0 3 2 2
153.8 149.5 0.0 96 0 6.5 10.2 10.5 3.5 4 1 3 5 5
148.3 64.3 -0.2 107 0 7.1 5.7 10.5 3.5 2 0 3 4 4
138.6 65.3 -0.2 110 0 6.8 9.6 10.5 0.0 0 1 3 2 2
129.8 69.9 -0.2 107 0 6.5 8.9 10.5 3.5 2 1 3 0 0
146.9 0.1 -0.5 218 0 9.3 6.6 10.5 3.5 4 0 3 5 5
137.2 -14.6 -0.5 226 0 8.2 11.8 10.5 3.5 2 1 3 3 3
175.1 -34.3 -0.5 104 0 8.0 13.2 10.5 3.5 2 1 3 4 4
179.9 -6.0 -0.5 203 0 14.2 7.1 10.5 3.5 2 0 3 1 1
305.1 80.9 -0.2 196 0 10.8 4.7 10.5 3.5 2 0 3 4 4
318.0 113.4 -0.1 298 0 8.5 9.3 10.5 3.5 2 1 3 0 0
331.2 50.5 -0.3 211 0 6.8 7.3 10.5 3.5 2 1 3 5 5
327.4 39.8 -0.3 218 0 6.7 6.6 10.5 3.5 2 0 3 2 2
315.2 43.6 -0.3 40 0 6.4 7.5 10.5 3.5 2 1 3 5 5
358.4 78.7 -0.2 219 0 8.4 8.1 10.5 3.5 2 0 3 4 4
346.6 65.7 -0.2 222 0 5.2 7.7 10.5 3.5 4 1 3 0 0
457.1 4.1 -0.3 106 0 8.3 9.1 10.5 3.5 2 1 3 2 2
532.4 -49.8 -0.5 280 0 7.6 10.0 10.5 3.5 2 1 3 3 3
559.1 -60.8 -0.5 286 0 9.1 12.8 10.5 3.5 2 1 3 0 0
614.5 -54.3 -0.5 97 0 8.2 6.9 10.5 3.5 4 0 3 1 1
611.9 29.0 -0.3 289 0 7.0 8.4 10.5 3.5 2 1 3 4 4
621.1 -18.1 -0.4 105 0 9.1 8.5 10.5 3.5 2 0 3 0 0
579.2 -25.3 -0.4 102 0 7.3 10.2 10.5 3.5 2 1 3 2 2
77.9 319.5 0.5 178 0 7.1 5.5 10.5 0.0 0 0 3 2 2
59.8 369.0 0.6 157 0 7.1 8.7 10.5 3.5 2 1 3 1 1
66.2 313.7 0.5 358 0 6.6 16.1 10.5 3.5 2 1 3 4 4
56.2 341.0 0.5 4 0 11.2 14.2 10.5 3.5 2 1 3 2 2
37.3 419.2 0.8 0 0 11.2 18.5 10.5 3.5 4 1 3 2 2
-83.2 503.7 1.0 277 0 10.2 8.8 10.5 3.5 4 0 3 2 2
-65.5 530.0 1.1 277 0 8.2 9.1 10.5 3.5 2 1 3 0 0
-58.9 566.6 1.2 98 0 8.9 8.0 10.5 3.5 2 0 3 5 5
-33.9 549.8 1.2 92 0 9.2 8.7 10.5 3.5 2 0 3 0 0
0.2 529.7 1.1 274 0 7.9 7.7 10.5 3.5 4 0 3 4 4
-0.9 497.7 1.0 10 0 8.0 7.5 10.5 0.0 0 0 3 1 1
12.4 524.5 1.1 274 0 7.9 7.4 10.5 3.5 2 0 3 4 4
16.9 512.5 1.1 6 0 8.0 9.4 10.5 3.5 2 0 3 5 5
36.3 537.9 1.1 186 0 13.7 10.4 10.5 3.5 2 0 3 1 1
41.1 560.5 1.2 188 0 11.3 12.3 10.5 3.5 2 1 3 5 5
40.3 648.4 1.5 6 0 8.0 9.0 10.5 3.5 2 1 3 3 3
-12.8 631.7 1.4 7 0 9.4 7.1 10.5 0.0 0 0 3 2 2
-15.1 619.8 1.4 358 0 9.8 7.0 10.5 3.5 2 0 3 1 1
-15.2 609.0 1.3 8 0 9.4 7.6 10.5 3.5 2 0 3 2 2
-89.4 605.7 1.3 97 0 10.4 12.1 14.0 3.5 2 1 4 5 5
-256.0 744.1 1.7 105 0 7.3 6.2 10.5 3.5 2 0 3 1 1
-378.9 704.8 1.6 22 0 9.7 7.4 10.5 3.5 2 0 3 3 3
-393.6 661.9 1.4 54 0 9.7 8.4 10.5 3.5 2 0 3 1 1
-379.2 686.4 1.5 29 0 6.8 11.3 10.5 3.5 2 1 3 4 4
-375.7 715.3 1.6 13 0 10.1 7.4 10.5 3.5 2 0 3 0 0
-357.4 736.7 1.7 16 0 9.1 7.7 10.5 3.5 2 0 3 2 2
-380.8 742.0 1.7 280 0 10.8 14.1 14.0 3.5 2 1 4 0 0
-369.4 669.1 1.5 198 0 12.0 9.7 10.5 3.5 2 0 3 1 1
-378.2 655.3 1.4 190 0 11.4 4.9 10.5 3.5 2 0 3 4 4
-383.2 638.4 1.4 206 0 6.4 13.0 10.5 3.5 2 1 3 1 1
-362.1 556.0 1.1 109 0 6.6 14.4 10.5 0.0 0 1 3 3 3
-2430.5 1296.6 3.0 117 0 10.6 5.2 10.5 3.5 2 0 3 3 3
-2452.7 1316.0 3.1 198 0 14.9 7.1 10.5 3.5 2 0 3 3 3
-2437.2 1359.8 3.2 199 0 14.4 7.2 10.5 3.5 2 0 3 1 1
-2484.5 1321.0 3.1 114 0 9.1 6.0 10.5 3.5 2 0 3 5 5
-2474.3 1316.4 3.1 113 0 11.3 5.6 10.5 3.5 2 0 3 3 3
-2451.1 1293.3 3.0 215 0 14.2 5.2 10.5 0.0 0 0 3 5 5
-2462.7 1297.1 3.0 210 0 13.0 7.2 10.5 3.5 2 0 3 5 5
-2273.1 1589.4 3.9 189 0 15.4 16.4 14.0 3.5 2 1 4 1 1
-2540.1 1493.3 3.6 192 0 34.9 11.2 10.5 3.5 4 0 3 1 1
3748.2 87.2 3.2 85 0 12.2 8.3 10.5 3.5 2 0 3 4 4
3716.1 71.3 2.9 90 0 13.8 9.6 10.5 3.5 2 0 3 5 5
3706.4 76.3 2.8 85 0 7.3 13.9 10.5 0.0 0 1 3 2 2
4339.6 -2088.7 -6.2 253 0 8.5 20.9 7.5 2.5 2 1 3 0 0
378.7 -17.4 -0.4 94 0 9.0 12.5 10.5 3.5 2 1 3 5 5
740.2 -86.8 -0.6 270 0 8.8 8.3 10.5 3.5 2 0 3 2 2
-379.8 780.3 1.8 100 0 5.3 7.6 10.5 3.5 2 1 3 0 0
-338.5 742.4 1.7 278 0 4.8 8.6 10.5 3.5 2 1 3 0 0
-331.8 740.9 1.7 279 0 6.2 9.1 10.5 3.5 2 1 3 1 1
-283.5 748.5 1.7 92 0 7.5 6.4 10.5 3.5 2 0 3 3 3
-234.6 744.3 1.7 96 0 7.3 25.1 10.5 3.5 2 1 3 3 3
-242.7 795.1 1.8 273 0 5.6 14.5 10.5 3.5 2 1 3 3 3
-192.1 728.1 1.7 94 0 6.0 10.8 10.5 3.5 2 1 3 2 2
-188.7 752.8 1.8 92 0 6.8 10.7 10.5 3.5 2 0 3 3 3
-146.6 723.3 1.7 97 0 8.3 6.6 10.5 3.5 2 0 3 5 5
-145.1 736.3 1.7 99 0 7.5 16.0 10.5 3.5 2 1 3 4 4
-116.8 700.2 1.6 278 0 4.8 9.1 10.5 3.5 2 1 3 1 1
-92.6 696.8 1.6 280 0 5.4 9.1 10.5 3.5 2 1 3 3 3
4431.8 762.7 0.4 183 0 32.1 8.9 10.5 3.5 2 0 3 5 5
4518.3 1706.1 0.1 272 0 11.6 15.6 17.5 3.5 2 1 5 5 5
4599.8 1577.3 0.8 0 0 8.8 13.0 10.5 3.5 2 1 3 3 3
4807.2 1431.1 1.7 275 0 18.5 22.2 17.5 3.5 2 1 5 3 3
4910.9 1417.5 1.9 280 0 21.6 16.1 17.5 3.5 2 0 5 2 2
4191.8 829.0 0.4 90 0 10.9 50.5 17.5 3.5 2 1 5 1 1
4200.0 984.8 0.6 90 0 13.8 25.0 14.0 3.5 2 1 4 4 4
4163.8 828.7 0.5 90 0 26.0 10.1 17.5 3.5 2 0 5 3 3
4089.1 1434.6 1.8 1 0 14.9 11.7 14.0 3.5 2 0 4 0 0
4102.5 1431.4 1.6 1 0 12.5 12.1 14.0 3.5 2 0 4 2 2
4416.9 846.3 0.5 180 0 22.3 10.8 17.5 3.5 2 0 5 3 3
4396.6 908.5 0.6 180 0 13.6 12.4 17.5 3.5 2 0 5 3 3
4389.3 940.2 0.6 360 0 16.1 8.1 10.5 3.5 2 0 3 5 5
4268.5 815.7 0.1 180 0 12.1 14.2 14.0 3.5 2 1 4 2 2
4275.2 797.4 0.1 180 0 18.2 19.4 14.0 3.5 2 1 4 4 4
4279.7 779.7 0.1 180 0 16.4 18.2 14.0 3.5 2 1 4 5 5
4331.4 792.8 0.2 180 0 13.8 6.9 10.5 3.5 2 0 3 0 0
4358.4 797.0 0.2 360 0 24.0 12.1 14.0 3.5 4 0 4 0 0
4350.0 766.6 0.2 360 0 12.5 7.6 10.5 0.0 0 0 3 4 4
4405.2 764.0 0.3 360 0 12.7 15.2 14.0 3.5 2 1 4 5 5
4356.2 820.7 0.3 360 0 19.1 10.9 14.0 3.5 2 0 4 2 2
4195.7 716.1 0.2 181 0 8.8 12.2 10.5 3.5 2 1 3 3 3
4283.9 703.3 -0.1 181 0 19.1 22.3 14.0 3.5 4 1 4 4 4
4390.1 901.4 0.4 360 0 25.3 20.7 14.0 3.5 2 0 4 5 5
4389.2 879.4 0.4 1 0 12.7 19.3 14.0 0.0 0 1 4 2 2
4139.7 1364.9 1.3 180 0 9.4 14.7 10.5 3.5 2 1 3 2 2
4055.4 1211.8 1.7 180 0 11.8 16.9 14.0 3.5 2 1 4 2 2
4056.7 1226.5 1.7 181 0 13.1 15.4 14.0 0.0 0 1 4 2 2
4074.0 1217.0 1.6 181 0 16.9 16.9 14.0 3.5 2 0 4 0 0
4007.6 1317.6 2.6 90 0 16.9 15.6 14.0 3.5 2 0 4 2 2
4009.6 1386.8 2.9 180 0 6.6 5.2 10.5 3.5 4 0 3 5 5
4113.1 1433.0 1.5 1 0 13.7 9.1 10.5 3.5 4 0 3 4 4
4131.3 1432.3 1.3 0 0 11.2 10.6 14.0 3.5 4 0 4 3 3
4132.9 1398.9 1.4 1 0 25.8 20.3 14.0 3.5 4 0 4 3 3
4076.4 1439.3 1.9 359 0 13.2 16.5 14.0 3.5 2 1 4 5 5
4068.7 1339.0 2.4 0 0 16.8 9.8 10.5 3.5 4 0 3 5 5
4177.6 1076.6 0.9 360 0 21.1 15.8 17.5 0.0 0 0 5 1 1
4118.9 1053.5 1.1 180 0 6.7 13.1 10.5 0.0 0 1 3 5 5
4148.8 1069.7 1.0 272 0 13.7 9.3 10.5 0.0 0 0 3 5 5
4122.2 856.0 0.8 90 0 23.5 20.9 17.5 3.5 2 0 5 4 4
4094.5 874.1 1.0 90 0 12.1 25.2 17.5 3.5 2 1 5 1 1
3995.1 1184.0 2.0 0 0 19.8 13.5 17.5 0.0 0 0 5 4 4
4001.8 1107.5 1.9 90 0 13.8 11.0 17.5 3.5 2 0 5 2 2
4264.9 1423.0 0.3 270 0 17.6 7.1 10.5 0.0 0 0 3 5 5
4373.7 1394.7 0.5 0 0 12.4 11.2 17.5 0.0 0 0 5 5 5
4404.0 1356.7 0.7 0 0 11.6 26.8 17.5 3.5 2 1 5 1 1
4137.0 1406.6 1.1 180 0 11.2 19.8 17.5 0.0 0 1 5 2 2
4190.4 1382.8 0.7 180 0 13.2 12.2 17.5 3.5 2 0 5 4 4
4174.4 1344.6 1.0 180 0 16.2 11.9 17.5 3.5 2 0 5 0 0
4044.8 1160.4 1.7 180 0 11.4 9.0 10.5 3.5 2 0 3 5 5
4080.1 1180.5 1.5 180 0 13.6 17.7 14.0 3.5 2 1 4 0 0
4269.6 1289.0 0.5 90 0 12.5 22.9 17.5 3.5 2 1 5 0 0
4279.7 1360.8 0.4 270 0 11.4 10.6 17.5 3.5 2 0 5 0 0
4294.4 1339.1 0.4 90 0 11.5 9.6 10.5 3.5 2 0 3 3 3
4292.2 1309.3 0.5 90 0 12.0 13.7 17.5 3.5 2 1 5 0 0
4245.1 1284.6 0.6 90 0 11.6 12.8 17.5 3.5 2 1 5 4 4
4244.1 1300.2 0.5 90 0 10.3 10.7 17.5 3.5 2 1 5 0 0
4202.0 1111.1 0.8 89 0 11.8 12.0 14.0 3.5 2 1 4 5 5
4360.4 1177.9 0.8 0 0 21.5 15.2 14.0 3.5 2 0 4 3 3
4382.6 1167.0 0.9 0 0 12.4 19.9 14.0 3.5 2 1 4 2 2
4396.5 1241.0 1.2 180 0 11.5 18.4 17.5 3.5 2 1 5 1 1
4388.9 1276.4 1.0 0 0 15.6 18.7 17.5 3.5 2 1 5 5 5
4371.8 1302.7 0.8 0 0 16.0 19.3 17.5 3.5 2 1 5 2 2
4320.2 1287.9 0.7 90 0 15.8 17.1 17.5 3.5 2 1 5 2 2
4188.9 1317.6 1.0 180 0 13.5 14.9 17.5 3.5 2 1 5 1 1
4254.1 1254.4 0.6 90 0 18.6 16.5 17.5 0.0 0 0 5 0 0
4103.4 1095.8 1.3 90 0 12.9 12.2 14.0 3.5 2 0 4 0 0
4075.1 1160.9 1.5 180 0 11.3 9.8 10.5 3.5 2 0 3 4 4
4065.5 1143.4 1.6 90 0 11.5 18.7 14.0 3.5 2 1 4 0 0
4064.5 1110.0 1.5 138 0 13.4 15.3 14.0 3.5 2 1 4 0 0
4018.3 1043.6 1.6 178 0 8.6 13.9 10.5 3.5 2 1 3 4 4
4015.3 994.1 1.6 90 0 6.5 9.4 10.5 3.5 2 1 3 5 5
3996.6 1036.3 1.8 270 0 10.2 13.7 17.5 3.5 2 1 5 1 1
4006.1 928.1 1.6 90 0 14.3 28.4 17.5 3.5 2 1 5 4 4
4289.1 763.8 0.1 180 0 13.5 11.6 14.0 3.5 2 0 4 5 5
4281.8 721.8 -0.0 181 0 14.1 22.4 14.0 3.5 2 1 4 0 0
4324.5 668.3 -0.0 91 0 18.7 11.5 14.0 3.5 2 0 4 5 5
4404.0 744.9 0.3 0 0 18.9 17.9 14.0 3.5 2 0 4 0 0
4406.1 713.4 0.2 0 0 13.1 19.2 14.0 3.5 2 1 4 0 0
4417.4 685.3 0.2 0 0 20.0 19.1 14.0 3.5 2 0 4 4 4
4383.4 759.8 0.2 0 0 17.4 25.6 14.0 3.5 2 1 4 1 1
4315.6 812.8 0.2 180 0 13.3 12.8 14.0 3.5 2 0 4 3 3
4303.2 832.7 0.2 179 0 9.1 17.9 10.5 3.5 2 1 3 5 5
4304.4 819.5 0.2 180 0 14.4 10.4 14.0 3.5 2 0 4 5 5
4304.1 797.3 0.1 180 0 13.1 15.0 14.0 3.5 2 1 4 4 4
4266.8 881.0 0.2 178 0 25.1 10.7 14.0 3.5 2 0 4 1 1
4252.7 853.5 0.2 180 0 12.8 18.5 14.0 3.5 2 1 4 0 0
4249.0 1013.7 0.4 91 0 12.5 7.6 10.5 3.5 4 0 3 5 5
4245.0 1032.4 0.5 90 0 12.8 8.9 10.5 3.5 2 0 3 1 1
4282.8 1055.4 0.5 90 0 14.8 13.8 14.0 3.5 2 0 4 2 2
4317.7 1178.9 0.7 270 0 10.9 22.7 14.0 3.5 2 1 4 2 2
4357.2 1138.5 0.8 0 0 9.2 14.5 10.5 3.5 2 1 3 3 3
4359.6 1124.5 0.7 0 0 14.2 16.7 14.0 3.5 2 1 4 5 5
4290.7 1070.1 0.5 92 0 14.9 10.3 14.0 3.5 2 0 4 0 0
4321.9 1110.8 0.6 359 0 11.1 9.9 10.5 3.5 2 0 3 5 5
4325.4 1076.7 0.6 359 0 14.8 21.3 14.0 3.5 2 1 4 3 3
4013.8 595.9 1.1 183 0 7.5 8.6 10.5 3.5 2 1 3 2 2
4017.4 637.2 1.1 270 0 9.9 22.2 10.5 3.5 2 1 3 3 3
4022.6 590.7 0.9 185 0 9.8 24.0 10.5 3.5 4 1 3 5 5
4061.7 604.9 0.8 272 0 9.9 24.4 10.5 3.5 2 1 3 5 5
4061.5 637.2 0.8 270 0 10.1 30.5 14.0 3.5 2 1 4 2 2
