-64.0 1670.6 3.0 100 0 5.5 10.1 5.0 2.5 2 0 2 1 1
2.8 1685.5 0.3 9 0 5.3 7.8 7.5 2.5 2 1 3 2 2
-4.7 1676.6 0.7 7 0 9.7 6.5 7.5 2.5 2 0 3 3 3
-3.3 1663.0 0.8 99 0 4.3 9.7 7.5 2.5 2 1 3 2 2
-54.3 1658.8 3.2 275 0 6.4 9.2 5.0 2.5 2 1 2 2 2
-30.9 1656.9 2.3 274 0 7.7 9.2 2.5 2.5 2 1 1 3 3
-21.7 1656.1 2.0 276 0 7.0 8.2 7.5 2.5 2 1 3 1 1
-14.7 1655.4 1.7 275 0 5.1 7.5 7.5 2.5 2 1 3 1 1
-3.6 1654.8 1.3 275 0 5.2 8.1 7.5 2.5 2 1 3 3 3
5.0 1649.5 1.2 7 0 8.6 5.5 5.0 2.5 2 0 2 4 4
-30.7 1614.1 3.4 7 0 4.2 12.3 5.0 2.5 2 1 2 5 5
-0.8 1610.1 2.6 6 0 5.0 10.0 7.5 2.5 2 1 3 5 5
-0.9 1627.8 2.1 2 0 4.5 8.7 5.0 2.5 2 1 2 4 4
4.1 1642.8 1.4 5 0 5.1 8.0 5.0 2.5 2 1 2 2 2
-4.5 1643.4 1.7 3 0 4.3 8.8 7.5 2.5 2 1 3 5 5
17.0 1647.1 0.4 180 0 6.8 15.7 7.5 0.0 0 1 3 4 4
9.0 1638.9 1.1 186 0 16.4 4.9 2.5 2.5 2 0 1 2 2
47.1 1593.3 1.3 117 0 9.8 3.4 7.5 2.5 4 0 3 5 5
31.2 1598.9 1.4 108 0 3.0 11.2 7.5 2.5 2 1 3 5 5
25.8 1600.6 1.7 109 0 6.1 6.3 2.5 2.5 4 1 1 4 4
10.2 1608.5 1.7 165 0 4.1 13.4 7.5 2.5 2 0 3 5 5
9.2 1614.1 1.7 171 0 4.7 9.8 5.0 2.5 2 1 2 1 1
-8.7 1562.2 3.7 275 0 7.1 8.9 5.0 2.5 2 1 2 1 1
-21.5 1563.2 3.4 273 0 5.9 7.8 2.5 2.5 2 1 1 1 1
21.7 1530.3 3.9 1 0 3.8 8.2 7.5 2.5 2 1 3 4 4
39.5 1514.6 4.0 358 0 5.8 7.4 7.5 2.5 2 1 3 5 5
53.2 1508.0 3.7 2 0 3.9 10.8 7.5 2.5 4 1 3 2 2
67.9 1512.1 2.8 351 0 15.1 4.5 5.0 2.5 4 0 2 5 5
72.1 1517.5 2.6 352 0 9.6 4.0 7.5 2.5 2 0 3 2 2
62.1 1542.6 2.3 348 0 8.6 11.2 5.0 2.5 4 1 2 5 5
172.5 1564.7 3.5 283 0 4.8 8.3 5.0 0.0 0 1 2 1 1
164.7 1580.5 3.3 280 0 5.6 7.2 5.0 2.5 2 1 2 5 5
105.8 1586.1 2.2 184 0 6.6 9.9 5.0 2.5 2 1 2 5 5
165.8 1517.7 3.7 163 0 6.0 8.6 7.5 2.5 2 1 3 1 1
125.8 1531.8 2.9 170 0 6.5 6.5 7.5 2.5 4 1 3 4 4
107.4 1533.3 2.5 176 0 6.9 4.4 7.5 2.5 2 0 3 4 4
122.2 1484.5 3.1 171 0 6.5 9.8 5.0 2.5 2 1 2 5 5
116.5 1510.1 2.8 165 0 13.6 10.1 7.5 2.5 2 0 3 5 5
80.4 1467.3 3.8 350 0 4.8 6.9 2.5 2.5 2 1 1 2 2
99.0 1514.9 2.5 173 0 5.7 7.8 5.0 0.0 0 1 2 5 5
92.6 1513.4 2.4 173 0 7.7 4.8 5.0 0.0 0 0 2 0 0
95.8 1480.7 2.8 166 0 4.8 7.6 2.5 2.5 2 1 1 2 2
116.1 1446.9 3.2 171 0 10.3 10.2 2.5 2.5 2 0 1 4 4
98.0 1335.2 4.9 350 0 10.8 14.2 7.5 2.5 2 1 3 3 3
123.0 1296.9 5.2 178 0 8.3 13.4 5.0 2.5 2 1 2 4 4
129.5 1373.7 4.6 270 0 10.5 13.3 10.0 2.5 2 1 4 4 4
216.5 1366.8 4.5 260 0 6.7 9.2 5.0 2.5 2 1 2 5 5
225.7 1341.0 4.6 270 0 9.6 9.5 5.0 0.0 0 0 2 5 5
229.8 1446.0 3.9 84 0 5.6 7.4 7.5 2.5 2 1 3 3 3
264.2 1343.1 4.3 273 0 8.0 4.1 7.5 0.0 0 0 3 5 5
255.2 1347.8 4.5 275 0 9.0 12.2 7.5 2.5 2 1 3 5 5
479.7 1303.4 2.7 268 0 4.5 7.3 5.0 2.5 2 1 2 4 4
486.1 1311.6 2.6 258 0 5.5 8.7 7.5 2.5 2 1 3 2 2
478.6 1312.1 2.7 262 0 4.7 7.5 5.0 2.5 4 1 2 3 3
610.2 1353.9 1.5 262 0 6.5 9.1 5.0 2.5 2 1 2 0 0
554.1 1353.3 2.1 79 0 5.0 6.2 2.5 2.5 2 1 1 4 4
525.8 1345.9 2.3 80 0 5.8 9.3 5.0 0.0 0 1 2 0 0
572.2 1396.6 2.0 92 0 7.9 4.8 7.5 2.5 2 0 3 0 0
568.5 1366.0 2.0 91 0 8.1 8.7 5.0 0.0 0 1 2 3 3
587.7 1413.3 1.9 356 0 7.2 10.0 2.5 2.5 4 1 1 1 1
635.2 1362.2 1.3 271 0 4.8 7.6 5.0 2.5 2 1 2 0 0
707.4 1506.1 0.9 268 0 7.3 7.0 5.0 0.0 0 0 2 5 5
645.9 1460.2 1.4 180 0 7.5 5.4 5.0 2.5 2 0 2 0 0
643.5 1423.8 1.3 182 0 6.6 4.5 7.5 2.5 2 0 3 1 1
636.9 1435.9 1.4 267 0 4.7 6.5 5.0 2.5 2 1 2 2 2
660.5 1527.4 0.1 272 0 10.4 6.5 7.5 2.5 2 0 3 1 1
627.1 1443.8 1.6 358 0 4.9 9.8 7.5 2.5 2 1 3 2 2
631.9 1467.4 1.6 359 0 7.8 4.8 5.0 2.5 2 0 2 5 5
608.5 1541.4 -0.2 258 0 5.1 6.1 5.0 2.5 2 1 2 2 2
581.7 1543.1 -0.3 278 0 6.0 6.8 7.5 2.5 2 1 3 1 1
543.3 1598.3 0.3 279 0 5.9 7.3 5.0 2.5 2 1 2 0 0
515.4 1555.2 0.7 279 0 6.6 4.9 7.5 2.5 2 0 3 5 5
559.2 1591.7 0.0 191 0 6.1 6.0 5.0 2.5 2 0 2 2 2
474.1 1602.8 0.1 94 0 4.7 7.2 2.5 2.5 4 1 1 1 1
483.2 1600.5 0.2 102 0 4.8 8.6 5.0 2.5 2 1 2 4 4
507.9 1596.8 0.3 100 0 6.0 6.4 2.5 2.5 2 1 1 0 0
203.3 1604.3 3.2 279 0 12.8 6.6 5.0 2.5 2 0 2 2 2
319.8 1601.8 1.6 104 0 7.5 6.2 7.5 2.5 2 0 3 3 3
353.1 1625.9 1.0 99 0 8.6 5.6 7.5 2.5 2 0 3 0 0
276.3 1613.8 2.1 113 0 7.0 6.8 7.5 2.5 2 0 3 4 4
291.9 1613.7 1.9 96 0 8.4 11.8 7.5 0.0 0 1 3 5 5
273.5 1597.1 2.3 274 0 9.5 5.7 5.0 2.5 2 0 2 5 5
266.4 1579.8 2.5 269 0 8.1 7.8 7.5 2.5 2 0 3 4 4
259.1 1591.5 2.6 268 0 9.0 6.2 7.5 0.0 0 0 3 1 1
257.6 1609.6 2.5 270 0 7.4 15.3 7.5 2.5 4 1 3 5 5
217.0 1639.2 2.8 124 0 11.6 5.9 5.0 2.5 2 0 2 5 5
182.9 1646.1 2.9 100 0 4.6 8.6 7.5 2.5 2 1 3 4 4
162.3 1652.2 2.8 102 0 7.1 7.3 7.5 2.5 2 1 3 3 3
104.5 1659.8 1.6 97 0 7.3 6.8 2.5 2.5 2 0 1 1 1
122.1 1657.6 1.9 95 0 13.6 6.3 2.5 2.5 2 0 1 4 4
80.2 1664.0 1.2 103 0 6.0 8.7 7.5 0.0 0 1 3 5 5
67.5 1664.0 0.9 99 0 8.8 8.5 2.5 2.5 2 0 1 2 2
29.6 1668.3 0.2 94 0 5.4 7.8 7.5 0.0 0 1 3 5 5
30.6 1676.7 0.1 93 0 7.9 3.9 2.5 2.5 2 0 1 5 5
2918.2 1241.6 -1.0 4 0 5.7 11.2 2.5 2.5 2 1 1 0 0
2904.3 1227.4 -1.0 96 0 7.0 11.5 7.5 2.5 4 1 3 3 3
2905.3 1260.4 -1.0 188 0 8.9 13.3 2.5 2.5 4 1 1 3 3
3098.0 1493.4 -4.0 185 0 9.9 26.1 7.5 2.5 2 1 3 3 3
3097.0 1459.6 -4.2 184 0 10.2 20.8 10.0 2.5 2 1 4 5 5
3095.8 1440.6 -4.5 185 0 15.7 10.0 5.0 2.5 2 0 2 2 2
3094.7 1414.1 -4.6 184 0 11.0 22.2 5.0 0.0 0 1 2 4 4
3111.1 1383.9 -4.4 182 0 19.1 11.4 7.5 2.5 4 0 3 0 0
3087.4 1391.0 -4.5 183 0 12.3 16.7 7.5 2.5 2 1 3 0 0
3085.0 1369.6 -4.4 182 0 13.8 15.2 5.0 2.5 2 1 2 5 5
3083.1 1457.2 -4.7 5 0 12.4 19.6 10.0 0.0 0 1 4 2 2
3062.9 1437.1 -4.5 6 0 10.3 20.1 5.0 2.5 2 1 2 1 1
2903.8 1414.2 -1.9 175 0 15.0 13.6 5.0 2.5 2 0 2 4 4
2981.1 1388.0 -3.2 89 0 24.2 13.7 7.5 2.5 2 0 3 3 3
2895.6 1336.1 -1.4 182 0 12.1 21.5 12.5 2.5 2 1 5 1 1
2899.7 1359.4 -1.6 183 0 14.5 19.5 7.5 2.5 2 1 3 5 5
2907.4 1447.8 -2.3 189 0 13.2 13.2 10.0 2.5 2 1 4 5 5
2867.6 1617.5 -3.4 197 0 15.4 14.9 10.0 2.5 2 0 4 5 5
2857.6 1576.4 -2.8 192 0 13.8 14.8 7.5 2.5 2 1 3 5 5
2811.9 1618.8 -2.7 279 0 11.8 16.7 5.0 2.5 2 1 2 2 2
2800.1 1592.4 -2.7 196 0 14.3 12.9 2.5 2.5 2 0 1 4 4
2817.8 1569.2 -2.6 10 0 10.6 14.1 5.0 2.5 4 1 2 4 4
2790.4 1540.9 -2.7 192 0 9.8 17.8 7.5 2.5 2 1 3 5 5
2824.2 1549.0 -2.5 7 0 13.9 15.5 7.5 0.0 0 1 3 4 4
2793.1 1494.1 -2.8 102 0 19.5 21.5 5.0 2.5 2 1 2 1 1
2768.1 1279.1 -2.3 5 0 10.9 17.2 5.0 2.5 2 1 2 5 5
2801.4 1388.6 -2.4 187 0 16.5 12.2 10.0 2.5 4 0 4 1 1
2793.5 1348.3 -2.3 193 0 14.8 11.5 2.5 2.5 4 0 1 2 2
2621.8 1354.7 -3.0 281 0 10.8 14.0 5.0 2.5 2 1 2 3 3
2605.8 1364.5 -2.8 298 0 14.0 17.7 5.0 2.5 2 1 2 1 1
2788.7 1375.0 -2.5 10 0 17.3 11.3 5.0 2.5 2 0 2 5 5
2787.1 1412.9 -2.6 8 0 18.6 19.6 7.5 2.5 2 1 3 0 0
2768.9 1381.4 -2.6 14 0 12.6 18.9 5.0 2.5 4 1 2 1 1
2768.9 1351.8 -2.6 9 0 15.6 23.8 7.5 2.5 2 1 3 1 1
2723.3 1396.8 -2.8 190 0 12.1 9.9 7.5 2.5 4 0 3 5 5
2698.0 1339.7 -2.9 277 0 14.7 15.5 7.5 2.5 2 1 3 4 4
2523.2 1360.4 -1.8 182 0 12.1 13.9 5.0 2.5 2 1 2 0 0
2452.1 1447.9 -2.5 269 0 9.1 8.2 5.0 2.5 2 0 2 3 3
2436.7 1407.9 -2.4 95 0 10.1 14.6 2.5 2.5 2 1 1 0 0
2418.0 1448.1 -2.5 275 0 8.6 18.9 5.0 2.5 2 1 2 3 3
2386.8 1439.7 -2.5 275 0 12.4 18.7 7.5 2.5 2 1 3 2 2
2347.4 1351.6 -1.8 0 0 16.5 12.4 2.5 2.5 2 0 1 4 4
2345.6 1375.5 -2.0 355 0 11.7 20.1 7.5 0.0 0 1 3 2 2
2306.5 1474.7 -2.2 269 0 10.6 11.9 5.0 2.5 2 1 2 1 1
2209.8 1333.5 -0.1 86 0 13.0 12.1 7.5 2.5 2 0 3 1 1
2193.6 1458.7 -0.9 176 0 16.0 21.3 7.5 2.5 4 1 3 4 4
2160.4 1481.4 -1.8 273 0 12.1 18.0 2.5 2.5 2 1 1 2 2
2124.5 1458.8 -2.8 87 0 12.9 16.6 5.0 2.5 4 1 2 0 0
2103.8 1459.4 -2.8 82 0 9.6 13.2 2.5 2.5 2 1 1 2 2
2112.2 1418.1 -2.6 358 0 15.5 14.6 5.0 2.5 2 0 2 3 3
2089.7 1457.3 -2.9 83 0 12.1 20.9 7.5 2.5 2 1 3 5 5
2068.7 1466.7 -2.9 91 0 12.8 14.9 5.0 0.0 0 1 2 1 1
2025.9 1461.3 -1.2 96 0 11.6 11.3 5.0 0.0 0 0 2 0 0
2021.3 1496.1 -1.4 279 0 15.6 10.1 5.0 2.5 2 0 2 1 1
1986.2 1414.1 -0.4 179 0 13.3 11.1 5.0 2.5 2 0 2 2 2
1990.9 1455.9 -0.7 270 0 9.6 12.1 7.5 2.5 2 1 3 4 4
1958.8 1465.7 -0.9 101 0 9.2 11.9 5.0 2.5 2 1 2 0 0
1941.2 1467.8 -0.8 96 0 8.8 12.2 7.5 2.5 2 1 3 5 5
88.9 1704.4 1.0 279 0 17.7 9.9 2.5 2.5 2 0 1 4 4
175.6 1721.4 2.9 92 0 6.3 7.1 2.5 2.5 2 1 1 5 5
189.2 1699.7 3.0 88 0 6.1 8.6 5.0 2.5 2 1 2 2 2
-71.2 1832.6 0.5 355 0 12.2 10.7 10.0 2.5 2 0 4 3 3
-115.2 1779.9 1.2 83 0 10.2 9.0 2.5 2.5 2 0 1 4 4
-113.8 1733.6 2.3 96 0 9.5 14.6 5.0 2.5 2 1 2 4 4
-37.2 1745.4 0.7 272 0 7.3 7.7 5.0 2.5 4 1 2 2 2
-14.9 1722.7 0.1 93 0 8.1 12.7 2.5 2.5 2 1 1 0 0
-17.7 1714.9 0.2 95 0 19.5 7.6 2.5 2.5 2 0 1 5 5
9.7 1781.5 -0.6 0 0 9.8 5.8 7.5 2.5 2 0 3 2 2
-6.6 1768.1 -0.4 93 0 16.4 6.1 2.5 2.5 2 0 1 4 4
10.8 1762.1 -0.5 1 0 8.7 6.2 5.0 2.5 2 0 2 1 1
-11.9 1753.6 -0.1 270 0 13.1 6.2 7.5 2.5 2 0 3 1 1
9.9 1733.7 -0.4 3 0 15.4 15.3 5.0 2.5 2 0 2 4 4
9.8 1714.7 -0.2 6 0 4.5 7.6 5.0 2.5 2 1 2 0 0
-153.7 1889.4 0.5 284 0 7.7 5.0 7.5 2.5 2 0 3 4 4
-155.1 1879.4 0.5 283 0 6.2 6.8 2.5 2.5 2 1 1 1 1
-174.5 1887.1 1.0 284 0 6.0 8.8 5.0 2.5 4 1 2 3 3
-172.4 1910.4 1.1 346 0 8.7 6.1 2.5 2.5 4 0 1 4 4
-164.6 1906.7 0.7 195 0 8.0 7.8 7.5 2.5 2 0 3 4 4
-132.5 1990.4 0.3 256 0 6.1 9.6 7.5 2.5 2 1 3 3 3
-156.0 2017.3 1.0 259 0 5.9 10.7 7.5 0.0 0 1 3 0 0
-148.7 2005.9 0.7 266 0 9.2 12.0 5.0 2.5 2 1 2 2 2
-122.4 1947.9 -0.0 351 0 9.0 6.3 7.5 2.5 2 0 3 1 1
-87.8 1891.0 -0.8 353 0 11.8 8.3 2.5 2.5 2 0 1 1 1
-32.8 2056.7 -1.8 354 0 10.7 10.8 7.5 2.5 2 1 3 5 5
-86.4 2038.2 -0.8 263 0 17.4 13.0 2.5 2.5 2 0 1 2 2
-76.1 1983.1 -1.0 345 0 4.9 12.5 7.5 2.5 2 1 3 2 2
23.1 2033.9 -3.3 90 0 11.6 13.5 5.0 2.5 2 1 2 2 2
-63.5 1812.0 1.0 175 0 9.3 13.7 7.5 2.5 2 1 3 2 2
-32.4 2006.6 -2.2 92 0 12.3 6.2 7.5 2.5 2 0 3 1 1
-71.1 1942.0 -1.4 76 0 9.9 5.3 7.5 2.5 4 0 3 4 4
-78.4 1891.7 -0.9 167 0 8.1 10.3 7.5 2.5 4 1 3 4 4
10.1 1936.5 -1.2 353 0 7.9 10.7 2.5 2.5 2 1 1 3 3
-22.2 1807.0 0.0 262 0 6.0 9.8 5.0 2.5 2 1 2 4 4
11.8 1860.2 -1.2 358 0 7.6 5.4 7.5 2.5 2 0 3 5 5
10.2 1836.5 -1.0 359 0 12.7 7.2 5.0 2.5 2 0 2 0 0
-3.4 1856.7 -0.6 1 0 9.2 9.4 2.5 2.5 4 1 1 0 0
-12.7 1823.5 -0.3 90 0 6.4 8.3 7.5 2.5 2 1 3 5 5
32.6 1942.0 -2.4 180 0 10.8 11.2 7.5 2.5 2 1 3 2 2
38.0 1912.1 -2.2 94 0 8.8 8.3 2.5 2.5 2 0 1 3 3
194.2 1943.4 1.8 270 0 4.8 10.4 7.5 2.5 2 1 3 1 1
207.2 1939.3 2.4 270 0 8.1 5.1 7.5 2.5 2 0 3 5 5
188.5 1950.2 1.3 87 0 6.0 7.4 7.5 2.5 2 1 3 4 4
191.2 1930.9 1.7 273 0 7.1 10.1 5.0 2.5 4 1 2 4 4
189.5 1908.1 1.8 94 0 6.8 9.3 7.5 0.0 0 1 3 1 1
171.4 1914.1 0.9 94 0 7.6 11.2 2.5 2.5 2 1 1 0 0
140.3 1951.4 -1.0 276 0 10.8 6.1 5.0 2.5 2 0 2 5 5
129.4 1906.2 -1.1 92 0 8.3 14.7 5.0 2.5 4 1 2 2 2
118.5 1907.1 -1.4 92 0 6.3 16.9 5.0 2.5 2 1 2 3 3
165.1 1872.3 1.2 191 0 13.3 9.5 2.5 2.5 2 0 1 0 0
159.3 1839.9 1.2 183 0 8.4 6.4 5.0 2.5 2 0 2 3 3
1285.7 2363.5 -7.0 347 0 9.4 7.5 5.0 2.5 2 0 2 2 2
1284.7 2384.8 -7.1 346 0 16.5 7.8 5.0 2.5 2 0 2 4 4
1259.6 2427.9 -7.3 251 0 7.8 15.6 7.5 2.5 2 1 3 5 5
1244.5 2444.6 -7.1 65 0 8.3 5.0 7.5 2.5 2 0 3 2 2
1229.7 2451.7 -6.8 78 0 5.8 5.7 7.5 2.5 2 0 3 0 0
1232.3 2440.6 -6.8 78 0 5.0 9.5 7.5 2.5 2 1 3 4 4
1219.2 2445.9 -6.6 84 0 7.5 13.0 5.0 2.5 2 0 2 2 2
1196.0 2387.0 -6.3 254 0 6.6 13.5 5.0 2.5 2 1 2 4 4
1138.4 2309.9 -5.4 268 0 6.3 9.2 2.5 2.5 2 1 1 4 4
1094.0 2235.4 -4.9 180 0 6.3 12.4 7.5 2.5 2 1 3 3 3
1082.2 2231.8 -4.6 172 0 10.0 8.4 2.5 2.5 2 0 1 3 3
1040.5 2135.5 -4.0 176 0 7.2 6.0 2.5 0.0 0 0 1 0 0
1025.8 2144.3 -3.8 184 0 9.1 10.4 5.0 2.5 2 1 2 2 2
1018.1 2058.4 -3.7 355 0 9.3 10.3 2.5 2.5 4 1 1 5 5
992.0 1729.2 -3.3 183 0 6.6 8.8 5.0 2.5 2 1 2 1 1
983.9 1739.4 -3.3 178 0 8.6 7.1 5.0 2.5 2 0 2 2 2
920.9 1553.1 -2.3 96 0 8.5 19.4 2.5 2.5 2 1 1 4 4
957.8 1646.3 -2.8 270 0 8.1 10.2 5.0 2.5 2 1 2 0 0
790.9 1674.0 -0.4 80 0 7.9 7.9 5.0 2.5 2 0 2 0 0
881.3 1660.3 -1.0 266 0 6.3 6.1 5.0 2.5 2 0 2 1 1
847.4 1655.7 -1.2 269 0 10.3 13.1 5.0 2.5 2 1 2 4 4
847.0 1667.5 -1.3 268 0 6.1 7.6 2.5 2.5 2 1 1 4 4
846.8 1676.4 -1.4 266 0 11.1 5.2 5.0 2.5 2 0 2 0 0
837.1 1661.6 -1.3 271 0 5.3 11.0 5.0 2.5 2 1 2 5 5
824.6 1673.1 -1.1 262 0 9.7 12.9 7.5 2.5 2 1 3 0 0
802.5 1658.6 -0.7 256 0 6.0 9.6 5.0 2.5 2 1 2 1 1
825.6 1697.6 -1.0 80 0 8.7 9.2 5.0 2.5 2 1 2 5 5
759.1 1667.2 0.1 82 0 9.5 17.4 7.5 2.5 2 1 3 5 5
770.5 1665.7 -0.1 83 0 9.0 12.2 7.5 2.5 2 1 3 1 1
783.4 1600.4 -0.5 280 0 10.3 9.5 7.5 2.5 2 0 3 5 5
780.0 1581.0 -0.8 98 0 6.4 7.3 7.5 2.5 2 1 3 3 3
777.8 1657.1 -0.2 267 0 5.3 11.6 2.5 2.5 2 1 1 0 0
771.3 1604.0 -0.6 279 0 7.7 9.0 5.0 2.5 2 1 2 1 1
766.5 1579.0 -0.9 100 0 8.1 15.4 7.5 2.5 2 1 3 4 4
731.4 1597.5 -1.1 273 0 7.8 10.2 5.0 2.5 2 1 2 5 5
695.1 1633.0 -0.6 270 0 6.6 9.1 7.5 2.5 2 1 3 5 5
690.9 1652.3 -0.2 267 0 10.1 7.5 5.0 2.5 2 0 2 3 3
673.7 1652.0 -0.4 264 0 6.6 13.2 5.0 2.5 2 1 2 5 5
589.2 1648.9 -0.1 272 0 5.8 10.2 7.5 2.5 4 1 3 0 0
673.5 1669.7 0.1 178 0 12.0 9.7 5.0 2.5 2 0 2 5 5
875.8 2021.0 -1.2 265 0 7.3 5.8 5.0 2.5 2 0 2 5 5
930.9 1991.4 -2.3 267 0 8.5 5.7 2.5 2.5 2 0 1 1 1
937.3 1920.2 -2.6 267 0 10.2 6.6 7.5 2.5 2 0 3 0 0
947.7 1929.8 -2.7 267 0 6.2 9.3 2.5 2.5 2 1 1 3 3
934.6 1959.5 -2.3 359 0 8.4 7.1 2.5 2.5 2 0 1 5 5
933.5 1949.9 -2.3 359 0 8.1 6.4 7.5 2.5 2 0 3 2 2
924.9 1864.9 -2.5 272 0 8.8 11.9 2.5 2.5 2 1 1 0 0
840.6 1863.9 -1.0 263 0 11.9 8.9 5.0 2.5 2 0 2 0 0
822.2 1872.3 -0.6 262 0 6.9 15.1 7.5 2.5 2 1 3 0 0
701.7 2230.8 2.3 175 0 9.6 9.9 7.5 2.5 2 1 3 0 0
702.8 2203.5 2.2 177 0 10.0 12.7 5.0 2.5 2 1 2 1 1
692.0 2206.8 2.6 354 0 12.0 10.9 5.0 2.5 2 0 2 2 2
633.3 2336.7 1.4 263 0 10.4 9.6 5.0 0.0 0 0 2 4 4
645.8 2336.5 1.6 262 0 8.8 12.5 7.5 2.5 2 1 3 0 0
692.9 2325.3 2.3 171 0 7.0 12.9 2.5 2.5 2 1 1 4 4
684.1 2392.7 -0.7 267 0 12.9 13.4 5.0 2.5 2 1 2 1 1
646.3 2365.9 -0.3 87 0 10.7 9.0 5.0 0.0 0 0 2 2 2
650.7 2348.8 0.6 85 0 13.6 9.6 2.5 2.5 4 0 1 3 3
626.4 2346.3 0.4 87 0 14.1 10.7 7.5 2.5 2 0 3 3 3
562.9 2377.3 -1.6 0 0 11.2 12.6 5.0 2.5 4 1 2 3 3
577.3 2346.4 -0.5 87 0 11.8 18.0 10.0 0.0 0 1 4 5 5
536.0 2414.9 -3.3 269 0 11.9 14.8 5.0 2.5 2 1 2 3 3
511.9 2344.6 -0.7 90 0 11.4 9.7 5.0 2.5 2 0 2 3 3
484.5 2338.3 -0.3 268 0 14.1 12.6 5.0 2.5 2 0 2 2 2
459.1 2342.7 -1.2 354 0 18.2 11.2 2.5 2.5 2 0 1 0 0
463.1 2273.0 2.0 356 0 20.9 17.7 12.5 2.5 2 0 5 3 3
463.1 2242.4 3.5 355 0 18.7 15.9 7.5 2.5 2 0 3 5 5
570.2 2330.8 0.8 355 0 9.5 6.8 2.5 2.5 2 0 1 0 0
539.7 2335.6 0.5 260 0 13.0 7.6 2.5 2.5 2 0 1 4 4
607.2 2213.5 4.0 172 0 10.8 10.5 2.5 2.5 2 0 1 0 0
598.9 2212.8 4.3 348 0 15.9 13.4 5.0 2.5 2 0 2 5 5
484.3 2250.1 3.6 173 0 14.3 9.2 2.5 2.5 2 0 1 5 5
480.3 2226.5 4.6 173 0 16.0 14.2 7.5 2.5 2 0 3 4 4
516.0 2201.8 5.5 169 0 12.8 13.1 7.5 0.0 0 1 3 0 0
490.3 2161.2 5.9 173 0 8.5 15.0 5.0 2.5 2 1 2 5 5
514.5 2178.9 5.5 173 0 8.0 18.1 2.5 2.5 2 1 1 4 4
567.0 2126.3 4.6 74 0 11.6 11.7 7.5 2.5 2 1 3 0 0
606.0 2173.7 3.9 170 0 8.5 9.2 5.0 2.5 2 1 2 5 5
594.3 2196.7 4.2 259 0 10.3 24.4 7.5 2.5 2 1 3 0 0
654.5 2139.6 3.1 81 0 12.2 14.2 5.0 2.5 2 1 2 2 2
729.3 2147.8 1.6 154 0 8.6 11.4 7.5 2.5 2 1 3 4 4
712.8 2133.1 1.9 257 0 13.5 16.2 5.0 2.5 2 1 2 0 0
715.6 2090.2 1.9 352 0 16.2 12.6 5.0 2.5 4 0 2 2 2
667.8 2054.6 2.6 81 0 15.1 13.9 2.5 0.0 0 0 1 5 5
669.5 2129.4 2.6 259 0 20.3 12.8 7.5 0.0 0 0 3 2 2
643.0 2100.3 3.0 256 0 19.0 12.9 2.5 2.5 2 0 1 4 4
636.8 2126.4 3.3 260 0 11.7 17.0 2.5 2.5 2 1 1 0 0
588.7 2068.0 4.0 259 0 16.7 6.6 7.5 0.0 0 0 3 2 2
586.4 2097.4 4.2 255 0 10.2 5.3 2.5 2.5 4 0 1 3 3
466.8 2145.3 6.6 359 0 7.2 8.3 5.0 2.5 2 1 2 3 3
448.5 2118.1 6.8 89 0 8.6 13.3 7.5 2.5 4 1 3 3 3
452.0 2103.7 6.8 1 0 7.5 10.5 7.5 2.5 2 1 3 5 5
431.4 2075.0 7.0 89 0 6.9 10.8 2.5 0.0 0 1 1 0 0
442.7 2068.2 6.8 87 0 8.7 5.5 5.0 2.5 4 0 2 3 3
499.4 2102.5 5.9 355 0 7.5 7.6 5.0 2.5 2 1 2 1 1
518.2 2107.9 5.5 263 0 8.8 7.9 2.5 2.5 2 0 1 4 4
521.7 2049.7 5.2 178 0 8.7 10.6 2.5 2.5 2 1 1 1 1
507.4 1995.0 5.5 359 0 9.8 6.4 7.5 2.5 2 0 3 1 1
524.3 2002.4 5.1 176 0 10.4 8.1 7.5 2.5 2 0 3 5 5
515.3 2002.2 5.3 178 0 10.3 6.5 2.5 2.5 2 0 1 3 3
494.8 1914.1 4.2 357 0 11.3 8.6 5.0 2.5 2 0 2 4 4
516.0 1947.2 5.0 178 0 11.8 12.5 5.0 0.0 0 1 2 2 2
589.2 1975.4 3.8 259 0 8.0 14.3 7.5 2.5 2 1 3 5 5
641.2 2006.3 3.1 77 0 7.0 10.7 5.0 2.5 2 1 2 1 1
753.1 2067.4 1.1 163 0 10.0 5.3 5.0 2.5 2 0 2 2 2
765.4 2031.3 0.7 169 0 7.8 8.5 7.5 2.5 2 1 3 5 5
766.4 1993.6 0.7 178 0 9.0 6.8 7.5 2.5 2 0 3 5 5
788.0 1962.1 0.2 169 0 7.6 7.5 5.0 2.5 2 0 2 5 5
817.6 1915.6 -0.4 79 0 7.3 7.0 5.0 2.5 2 0 2 2 2
803.1 1923.6 -0.2 172 0 5.3 7.0 5.0 2.5 2 1 2 0 0
801.2 1914.7 -0.2 171 0 10.1 8.9 7.5 2.5 2 0 3 4 4
824.9 1884.5 -0.6 83 0 7.5 7.2 7.5 2.5 2 0 3 4 4
807.6 1880.4 -0.3 87 0 7.0 8.0 5.0 2.5 2 1 2 1 1
779.2 1895.1 0.1 176 0 9.7 11.7 2.5 2.5 2 1 1 0 0
807.8 1820.3 -0.4 90 0 6.3 10.5 2.5 2.5 2 1 1 0 0
798.9 1834.9 -0.2 269 0 8.2 5.1 2.5 2.5 2 0 1 0 0
769.7 1836.2 0.3 269 0 10.6 12.2 5.0 0.0 0 1 2 4 4
747.0 1862.6 0.7 268 0 11.2 13.9 7.5 2.5 2 1 3 4 4
663.5 1914.3 2.4 87 0 10.1 14.4 2.5 2.5 4 1 1 3 3
714.2 1809.6 1.3 82 0 8.1 6.9 2.5 2.5 2 0 1 4 4
703.8 1831.8 1.5 265 0 8.7 12.2 7.5 2.5 2 1 3 4 4
649.7 1837.9 2.5 255 0 11.1 7.0 7.5 2.5 2 0 3 0 0
650.7 1817.9 2.4 263 0 11.1 7.2 5.0 2.5 2 0 2 2 2
649.6 1806.9 2.4 264 0 8.5 5.8 5.0 2.5 2 0 2 1 1
601.9 1885.6 3.5 82 0 8.5 8.6 5.0 2.5 2 1 2 5 5
580.9 1860.2 3.8 88 0 8.1 5.6 7.5 2.5 2 0 3 5 5
578.6 1835.9 3.1 266 0 4.8 7.4 5.0 2.5 2 1 2 5 5
565.6 1840.1 3.1 268 0 6.1 9.7 5.0 2.5 2 1 2 2 2
563.3 1860.5 3.7 87 0 10.0 20.8 2.5 2.5 2 1 1 1 1
546.0 1855.3 3.5 86 0 5.8 5.6 7.5 2.5 2 0 3 3 3
544.7 1849.0 3.3 86 0 6.9 5.8 5.0 2.5 2 0 2 5 5
500.4 1860.8 3.5 358 0 8.5 8.3 7.5 2.5 2 0 3 4 4
450.9 2012.3 6.2 175 0 7.1 7.6 2.5 2.5 2 1 1 1 1
436.3 1983.5 5.5 182 0 7.0 12.6 2.5 2.5 2 1 1 1 1
427.1 1983.1 5.8 180 0 9.3 5.4 2.5 2.5 4 0 1 1 1
399.7 2008.9 6.3 0 0 8.3 5.7 2.5 2.5 2 0 1 1 1
414.3 1978.0 5.8 356 0 8.4 6.6 5.0 2.5 2 0 2 4 4
401.5 1973.7 5.7 356 0 6.7 9.6 7.5 2.5 2 1 3 2 2
386.7 1931.2 5.0 354 0 10.6 11.7 5.0 2.5 2 1 2 1 1
416.3 1931.9 5.0 358 0 7.3 7.9 5.0 2.5 2 1 2 0 0
403.0 1935.7 5.0 358 0 6.8 9.2 2.5 2.5 2 1 1 1 1
402.6 1910.1 4.6 357 0 11.5 5.7 7.5 2.5 2 0 3 5 5
412.5 1898.9 4.4 355 0 7.9 8.1 7.5 2.5 2 1 3 4 4
413.4 1884.8 4.2 355 0 4.6 8.9 7.5 0.0 0 1 3 0 0
482.3 1848.3 3.7 85 0 9.5 12.4 7.5 2.5 2 1 3 4 4
451.6 1848.4 3.9 85 0 7.4 9.3 2.5 2.5 2 1 1 3 3
339.3 1866.3 4.3 268 0 5.7 13.6 7.5 2.5 4 1 3 5 5
355.6 1813.0 3.5 88 0 4.8 7.1 5.0 2.5 2 1 2 4 4
418.2 1875.2 4.0 358 0 8.6 5.7 2.5 0.0 0 0 1 0 0
413.8 1838.7 3.5 0 0 6.1 5.1 2.5 2.5 2 0 1 2 2
404.5 1828.4 3.4 86 0 7.5 9.6 5.0 2.5 4 1 2 5 5
507.4 1834.6 3.1 359 0 9.6 11.6 5.0 2.5 2 1 2 0 0
479.9 1798.6 3.0 356 0 11.6 10.1 2.5 2.5 2 0 1 2 2
445.4 1767.3 2.4 87 0 7.1 12.7 2.5 2.5 4 1 1 0 0
434.3 1769.0 2.3 86 0 7.6 9.8 5.0 2.5 2 1 2 1 1
439.8 1832.0 3.4 263 0 9.5 6.2 5.0 2.5 2 0 2 5 5
414.4 1813.8 3.0 258 0 5.4 5.6 7.5 2.5 2 1 3 4 4
403.5 1796.9 2.7 260 0 9.5 9.0 7.5 2.5 2 0 3 3 3
399.4 1808.7 3.0 259 0 10.2 7.0 5.0 2.5 2 0 2 2 2
382.8 1798.0 2.9 266 0 6.6 8.3 5.0 2.5 2 1 2 2 2
390.3 1781.2 2.5 272 0 8.3 7.0 2.5 2.5 4 0 1 1 1
450.3 1637.4 0.0 187 0 7.8 11.7 7.5 2.5 2 1 3 5 5
441.5 1653.5 0.4 173 0 7.8 7.8 7.5 2.5 2 1 3 5 5
428.1 1645.2 0.3 183 0 5.7 7.3 7.5 2.5 2 1 3 1 1
410.9 1650.8 0.4 185 0 9.7 8.3 2.5 0.0 0 0 1 0 0
488.0 1631.9 0.2 0 0 5.1 7.3 7.5 2.5 2 1 3 2 2
504.5 1627.1 0.2 3 0 6.5 6.5 2.5 2.5 2 0 1 4 4
530.8 1629.4 0.4 5 0 7.1 5.7 5.0 2.5 2 0 2 0 0
535.8 1618.7 0.2 1 0 6.1 6.2 5.0 2.5 2 1 2 1 1
564.5 1650.9 0.4 265 0 5.1 7.6 2.5 2.5 2 1 1 2 2
530.4 1730.3 1.6 164 0 9.4 8.9 7.5 2.5 2 0 3 3 3
525.2 1745.4 1.8 170 0 10.7 10.3 2.5 2.5 2 0 1 3 3
507.9 1746.1 2.2 264 0 10.6 9.4 5.0 0.0 0 0 2 2 2
516.5 1728.6 2.0 348 0 10.7 11.7 10.0 2.5 2 1 4 4 4
482.4 1695.3 1.2 276 0 5.2 9.2 5.0 2.5 2 1 2 5 5
470.2 1696.0 1.2 273 0 10.6 5.1 5.0 0.0 0 0 2 2 2
466.3 1742.8 1.9 268 0 8.1 10.8 7.5 2.5 2 1 3 5 5
430.7 1738.7 1.7 268 0 8.7 7.6 7.5 2.5 2 0 3 4 4
412.1 1728.4 1.7 176 0 7.6 9.0 7.5 2.5 2 1 3 1 1
410.9 1705.3 1.3 177 0 6.5 9.0 5.0 2.5 2 1 2 4 4
421.9 1695.0 1.1 177 0 8.8 7.1 2.5 2.5 4 0 1 4 4
414.8 1679.5 0.9 178 0 5.5 11.5 7.5 0.0 0 1 3 2 2
361.3 1652.3 0.9 8 0 11.8 6.9 5.0 2.5 2 0 2 2 2
323.1 1650.1 1.3 98 0 8.0 8.2 2.5 2.5 2 1 1 3 3
289.7 1658.5 1.8 99 0 7.7 6.1 7.5 2.5 2 0 3 1 1
277.9 1662.4 1.9 100 0 7.8 7.1 5.0 2.5 2 0 2 0 0
396.5 1698.1 1.2 357 0 12.6 6.6 5.0 2.5 2 0 2 2 2
338.4 1751.6 2.7 89 0 5.9 10.7 2.5 0.0 0 1 1 1 1
283.1 1820.3 4.4 86 0 5.1 9.2 7.5 2.5 2 1 3 1 1
304.9 1750.4 3.0 354 0 7.0 6.3 5.0 2.5 2 0 2 5 5
314.8 1750.5 2.9 352 0 6.4 5.0 2.5 2.5 2 0 1 5 5
305.4 1715.9 2.4 267 0 4.7 8.2 5.0 2.5 2 1 2 5 5
282.2 1707.5 2.4 269 0 10.1 15.3 7.5 2.5 2 1 3 3 3
236.4 1688.6 2.7 272 0 6.3 7.7 7.5 2.5 2 1 3 2 2
231.1 1677.9 2.6 278 0 7.1 5.6 7.5 2.5 2 0 3 2 2
175.3 1683.9 2.7 277 0 7.8 5.0 7.5 2.5 2 0 3 1 1
165.9 1691.3 2.7 276 0 6.4 7.6 7.5 2.5 2 1 3 5 5
147.7 1715.7 1.9 95 0 6.8 7.7 7.5 0.0 0 1 3 5 5
129.2 1712.8 1.7 185 0 8.2 7.1 5.0 2.5 2 0 2 2 2
124.0 1713.6 1.4 5 0 6.3 10.0 2.5 2.5 2 1 1 3 3
68.0 1704.3 0.7 279 0 12.3 7.0 2.5 2.5 2 0 1 3 3
38.3 1705.4 0.1 279 0 21.5 3.2 7.5 2.5 2 0 3 3 3
86.6 1730.0 0.6 94 0 6.2 5.0 7.5 2.5 2 0 3 2 2
118.3 1780.6 0.3 1 0 15.6 10.6 7.5 2.5 2 0 3 2 2
75.5 1853.8 -1.2 271 0 5.0 9.5 7.5 2.5 2 1 3 3 3
67.4 1855.2 -1.3 270 0 5.0 11.2 5.0 2.5 2 1 2 4 4
60.4 1865.7 -1.9 91 0 9.6 18.5 2.5 2.5 2 0 1 0 0
52.8 1865.8 -2.0 91 0 5.7 18.5 5.0 2.5 2 0 2 1 1
32.4 1817.2 -1.3 271 0 7.2 4.4 7.5 2.5 2 0 3 5 5
41.9 1851.8 -1.7 271 0 9.2 8.2 7.5 2.5 2 0 3 4 4
18.5 1755.8 -0.8 179 0 12.9 4.3 7.5 2.5 2 0 3 0 0
19.2 1799.4 -1.1 181 0 7.3 6.8 5.0 2.5 2 0 2 2 2
487.6 5094.4 -9.2 184 0 19.1 12.2 2.5 2.5 2 0 1 1 1
481.7 5085.2 -9.2 178 0 10.7 3.3 5.0 2.5 2 0 2 4 4
583.2 5115.7 -9.4 273 0 8.2 16.2 5.0 0.0 0 1 2 1 1
552.5 5106.7 -9.3 275 0 5.5 8.0 7.5 2.5 2 1 3 2 2
538.9 5167.4 -9.4 145 0 8.5 8.6 5.0 2.5 2 0 2 5 5
605.3 5123.5 -9.4 100 0 5.6 7.9 5.0 2.5 2 1 2 5 5
662.1 5118.7 -9.5 189 0 5.4 6.6 7.5 2.5 2 1 3 0 0
