4684.0 -2959.6 -0.9 10 0 16.2 18.8 10.0 2.5 2 0 4 2 2
4683.1 -2907.4 -1.6 273 0 15.2 18.5 7.5 2.5 2 0 3 5 5
4660.9 -3001.4 -0.6 99 0 48.4 26.7 10.0 0.0 0 0 4 4 4
4264.8 -2816.7 -3.4 5 0 5.4 23.8 2.5 2.5 2 0 1 4 4
4241.0 -2782.5 -3.8 283 0 7.9 28.4 5.0 2.5 2 1 2 1 1
4197.7 -2917.5 -1.8 100 0 10.7 9.5 5.0 2.5 2 0 2 1 1
4213.1 -2897.5 -2.2 10 0 26.1 11.8 7.5 2.5 2 0 3 2 2
4205.7 -2871.3 -2.4 274 0 10.7 11.5 2.5 2.5 2 0 1 1 1
4184.4 -2914.7 -1.9 100 0 10.5 9.7 7.5 2.5 2 0 3 4 4
4194.5 -2869.9 -2.4 281 0 11.1 11.2 5.0 2.5 2 0 2 4 4
4156.1 -2783.5 -4.0 182 0 22.1 20.8 7.5 2.5 2 0 3 0 0
4094.3 -2827.3 -3.3 9 0 15.7 19.8 7.5 2.5 2 1 3 4 4
3729.9 -2494.3 -5.8 86 0 10.6 18.7 2.5 2.5 2 1 1 2 2
3705.1 -2479.7 -5.7 86 0 11.7 18.3 5.0 2.5 2 1 2 3 3
3650.5 -2503.4 -5.7 357 0 25.8 9.4 5.0 2.5 2 0 2 0 0
-2454.3 -1468.3 3.6 109 0 17.2 16.2 14.0 3.5 2 0 4 0 0
