2122.8 4182.7 -1.9 93 0 6.4 10.5 5.0 0.0 0 1 2 5 5
-538.6 11927.1 -8.7 45 0 12.9 6.0 2.5 2.5 2 0 1 1 1
1689.9 2960.2 2.6 86 0 10.1 33.5 7.5 2.5 2 1 3 2 2
2156.9 4327.9 -1.8 102 0 9.2 6.3 7.5 2.5 4 0 3 2 2
1873.2 2320.7 4.4 4 0 23.2 10.4 2.5 2.5 2 0 1 2 2
2070.8 4176.5 -1.6 92 0 8.2 6.1 7.5 2.5 2 0 3 4 4
1865.1 3930.9 -2.5 2 0 6.7 9.3 7.5 0.0 0 1 3 5 5
1818.0 4053.8 -2.0 280 0 5.9 6.9 5.0 2.5 2 1 2 3 3
1555.8 3812.9 -1.2 302 0 6.1 11.2 5.0 2.5 2 1 2 2 2
2700.5 4431.7 -4.4 79 0 10.8 5.2 7.5 2.5 2 0 3 0 0
2236.6 4728.5 -7.0 192 0 15.0 10.2 2.5 0.0 0 0 1 0 0
1821.3 3789.5 -3.2 191 0 14.8 7.1 5.0 2.5 4 0 2 2 2
2146.5 4527.2 -4.0 23 0 12.4 7.7 2.5 2.5 2 0 1 2 2
1818.2 4042.8 -2.0 287 0 6.5 7.2 7.5 2.5 2 1 3 3 3
1478.6 3667.4 -0.9 24 0 10.2 10.0 7.5 2.5 2 0 3 3 3
2022.0 4135.3 -1.9 270 0 8.7 13.1 2.5 2.5 2 1 1 4 4
2242.5 4757.0 -7.1 185 0 10.2 8.1 7.5 2.5 2 0 3 4 4
1900.3 4150.0 -1.3 180 0 13.2 9.4 7.5 2.5 2 0 3 0 0
2017.2 4208.5 -1.5 93 0 7.4 14.0 2.5 2.5 4 1 1 3 3
1367.3 3827.1 -0.0 114 0 7.4 13.9 7.5 2.5 4 1 3 5 5
2202.5 4370.1 -2.9 183 0 9.0 5.8 5.0 2.5 2 0 2 4 4
2034.4 4397.7 -1.6 186 0 10.0 6.4 7.5 2.5 2 0 3 5 5
2096.2 4243.1 -1.5 0 0 7.3 9.8 7.5 2.5 2 1 3 4 4
1968.3 4157.0 -1.6 278 0 13.0 7.8 5.0 2.5 2 0 2 2 2
2286.6 4535.4 -5.7 93 0 9.1 15.4 5.0 2.5 2 1 2 3 3
1673.0 4196.9 -3.5 185 0 9.3 6.4 7.5 2.5 4 0 3 4 4
1395.9 3808.9 -0.5 206 0 8.8 8.9 5.0 2.5 2 1 2 2 2
1391.9 3742.5 -1.0 358 0 4.7 9.1 7.5 2.5 4 1 3 5 5
2045.3 4459.5 -2.4 99 0 6.1 8.1 5.0 2.5 2 1 2 5 5
1751.5 3815.9 -2.0 290 0 8.6 6.8 5.0 2.5 2 0 2 0 0
1679.5 4082.9 -2.0 200 0 5.6 7.9 5.0 2.5 2 1 2 1 1
354.7 4350.1 -2.5 290 0 6.8 29.9 5.0 2.5 2 1 2 3 3
1367.8 3604.4 -1.4 96 0 11.1 7.4 5.0 2.5 2 0 2 0 0
1332.8 3777.9 -0.3 118 0 6.5 9.4 2.5 2.5 2 1 1 0 0
2128.9 4371.2 -2.1 30 0 6.2 8.2 7.5 2.5 2 1 3 3 3
3140.4 4591.2 -3.5 91 0 5.8 10.9 7.5 2.5 2 1 3 1 1
2025.7 4176.9 -1.8 92 0 9.0 5.6 7.5 2.5 2 0 3 2 2
2190.8 4434.8 -3.5 125 0 6.0 9.2 7.5 0.0 0 1 3 0 0
2283.4 4554.5 -5.8 93 0 7.0 9.5 2.5 2.5 2 1 1 0 0
1668.4 4190.7 -3.5 276 0 8.4 12.2 7.5 2.5 2 1 3 1 1
1388.9 3809.6 -0.4 118 0 7.0 5.0 5.0 0.0 0 0 2 2 2
1470.4 3697.8 -1.0 19 0 8.5 8.2 5.0 0.0 0 0 2 0 0
2184.9 4582.4 -5.5 182 0 9.2 6.1 5.0 2.5 2 0 2 5 5
2056.2 4434.9 -2.1 180 0 8.2 6.3 7.5 2.5 2 0 3 1 1
1840.6 4068.7 -1.8 268 0 5.8 8.7 7.5 2.5 2 1 3 3 3
1401.0 3646.6 -1.3 0 0 6.2 5.6 5.0 2.5 4 0 2 1 1
33.1 4422.5 -2.5 108 0 4.9 8.2 2.5 2.5 2 1 1 1 1
1731.6 4040.7 -1.5 277 0 10.7 7.0 7.5 2.5 2 0 3 4 4
2119.5 3637.8 -1.6 270 0 9.1 7.9 5.0 2.5 2 0 2 5 5
2678.3 4497.3 -4.7 271 0 6.8 9.1 5.0 2.5 2 1 2 0 0
1833.9 4181.1 -1.7 94 0 6.0 8.0 5.0 2.5 4 1 2 2 2
2191.7 4559.6 -5.4 94 0 11.2 6.6 7.5 2.5 2 0 3 3 3
2907.8 4517.2 -4.0 87 0 6.7 11.1 5.0 2.5 2 1 2 5 5
2246.9 4806.7 -7.3 23 0 8.8 9.3 7.5 2.5 2 1 3 4 4
1838.8 4078.0 -1.8 263 0 5.3 7.5 7.5 2.5 2 1 3 1 1
2097.2 4162.2 -1.9 266 0 8.0 6.5 5.0 0.0 0 0 2 3 3
2192.1 4600.2 -6.1 182 0 6.6 13.3 7.5 2.5 2 1 3 2 2
2699.5 4333.2 -4.0 356 0 11.7 6.3 2.5 2.5 2 0 1 3 3
232.5 4394.8 -2.2 285 0 6.0 7.8 5.0 0.0 0 1 2 3 3
2682.7 4397.0 -4.3 335 0 6.4 5.0 7.5 2.5 2 0 3 5 5
11.6 4423.7 -2.6 106 0 8.1 17.7 7.5 2.5 2 1 3 5 5
2183.3 4520.0 -4.3 28 0 8.6 13.1 5.0 2.5 2 1 2 0 0
-7.5 4462.3 -2.2 201 0 7.9 11.4 7.5 2.5 2 1 3 2 2
2821.9 4459.2 -4.0 270 0 9.6 7.0 2.5 2.5 2 0 1 1 1
2579.8 4350.5 -4.4 180 0 7.3 6.7 7.5 2.5 2 0 3 0 0
2067.4 3641.1 -1.9 90 0 8.7 12.4 5.0 0.0 0 1 2 0 0
2249.4 4700.3 -6.8 189 0 6.0 8.3 7.5 2.5 2 1 3 1 1
2782.5 4462.5 -4.2 73 0 7.0 6.6 5.0 2.5 2 0 2 4 4
145.8 4383.6 -2.3 115 0 12.6 6.9 5.0 2.5 2 0 2 5 5
1884.9 4164.7 -1.6 180 0 10.2 11.2 2.5 2.5 2 1 1 2 2
154.5 4443.7 -2.4 291 0 3.8 11.4 5.0 0.0 0 1 2 3 3
1398.2 3742.4 -0.9 169 0 5.5 7.0 7.5 2.5 2 1 3 4 4
1801.3 4057.0 -2.0 281 0 10.3 7.0 5.0 0.0 0 0 2 2 2
2143.8 4500.1 -3.7 29 0 9.9 7.6 2.5 2.5 4 0 1 5 5
2244.4 4440.2 -5.1 278 0 8.3 11.9 5.0 2.5 2 1 2 5 5
1395.4 3760.5 -0.8 181 0 5.9 8.1 5.0 2.5 2 1 2 2 2
47.3 4497.4 -2.3 290 0 7.8 8.3 7.5 2.5 2 1 3 3 3
1710.5 4102.7 -2.0 96 0 7.8 4.5 2.5 2.5 4 0 1 4 4
1851.5 4192.4 -1.9 358 0 7.7 9.6 5.0 2.5 2 1 2 5 5
2057.2 4376.7 -1.5 95 0 6.6 6.3 5.0 2.5 2 0 2 5 5
1741.7 4069.5 -1.6 3 0 6.2 8.7 5.0 2.5 2 1 2 4 4
2083.0 4506.7 -3.3 205 0 14.4 7.4 7.5 2.5 2 0 3 4 4
53.3 4483.9 -2.2 290 0 8.2 11.4 5.0 2.5 2 1 2 3 3
2242.0 4781.7 -7.1 186 0 6.5 9.5 7.5 2.5 2 1 3 3 3
1811.9 4011.4 -1.9 98 0 6.6 9.7 5.0 2.5 2 1 2 2 2
1892.6 4186.4 -1.6 269 0 11.1 8.4 7.5 2.5 4 0 3 4 4
1824.7 4164.4 -1.6 18 0 9.1 12.4 5.0 2.5 2 1 2 1 1
2761.9 4435.8 -4.1 261 0 8.2 7.6 5.0 2.5 4 0 2 2 2
-51.8 4488.8 -2.1 295 0 5.9 5.6 2.5 2.5 2 0 1 1 1
1461.5 3852.1 -1.4 299 0 8.8 6.8 5.0 2.5 2 0 2 2 2
1891.2 4215.2 -1.8 93 0 4.0 8.3 7.5 2.5 2 1 3 1 1
1712.2 4067.1 -1.8 112 0 5.5 7.9 7.5 2.5 2 1 3 3 3
57.0 4495.4 -2.4 287 0 8.5 9.9 7.5 2.5 2 1 3 2 2
3077.8 4551.1 -3.5 260 0 6.9 8.9 7.5 0.0 0 1 3 2 2
2165.2 4504.2 -3.8 28 0 8.9 10.4 5.0 2.5 2 1 2 0 0
2006.5 4132.0 -2.0 270 0 16.9 10.9 7.5 2.5 2 0 3 1 1
1667.7 4138.7 -3.1 91 0 7.3 9.5 7.5 0.0 0 1 3 2 2
1391.3 3815.9 -0.4 115 0 5.8 12.5 7.5 2.5 4 1 3 2 2
1338.2 3810.1 0.1 303 0 4.9 8.0 5.0 2.5 2 1 2 3 3
184.0 4423.2 -2.4 295 0 6.8 14.5 7.5 2.5 2 1 3 1 1
1448.1 3864.7 -1.3 204 0 11.3 10.0 7.5 2.5 2 0 3 4 4
1855.3 3957.9 -2.3 180 0 7.1 11.3 2.5 2.5 2 1 1 1 1
1493.3 3775.2 -1.2 37 0 7.2 6.7 2.5 2.5 2 0 1 5 5
1391.2 3721.3 -1.1 12 0 5.7 9.1 7.5 0.0 0 1 3 4 4
1690.5 4095.8 -2.0 115 0 6.2 7.5 2.5 2.5 2 1 1 2 2
2211.7 4674.3 -6.5 15 0 7.2 10.2 5.0 2.5 2 1 2 1 1
2089.1 3642.1 -1.7 90 0 6.4 11.9 7.5 0.0 0 1 3 1 1
1369.9 3648.7 -1.5 4 0 7.4 8.6 2.5 2.5 2 1 1 5 5
1709.5 2966.3 2.8 91 0 10.5 8.9 5.0 2.5 2 0 2 5 5
2149.7 3850.6 -2.8 2 0 7.0 8.2 2.5 2.5 2 1 1 5 5
2006.1 4269.8 -1.1 274 0 11.9 7.2 7.5 2.5 4 0 3 1 1
17.7 4449.7 -2.2 25 0 6.7 10.1 2.5 2.5 4 1 1 1 1
2642.5 4474.2 -4.7 270 0 6.3 8.4 5.0 2.5 2 1 2 1 1
1977.2 3664.0 -2.4 185 0 9.9 9.7 5.0 0.0 0 0 2 0 0
2490.3 4406.2 -4.9 93 0 5.0 7.8 7.5 2.5 4 1 3 0 0
173.7 4424.7 -2.3 297 0 7.1 12.4 7.5 0.0 0 1 3 2 2
2959.0 4526.7 -3.9 89 0 6.7 12.1 5.0 2.5 2 1 2 4 4
376.4 4314.5 -2.3 20 0 9.6 9.7 2.5 2.5 2 1 1 1 1
2079.9 3652.9 -1.8 90 0 8.5 7.7 2.5 2.5 2 0 1 3 3
1839.7 4055.4 -1.7 177 0 6.9 7.1 5.0 2.5 2 1 2 2 2
2149.9 4654.6 -5.4 19 0 8.8 12.1 5.0 2.5 4 1 2 2 2
2106.3 4384.7 -2.1 8 0 9.8 10.1 5.0 2.5 2 1 2 1 1
2240.3 4548.7 -5.7 184 0 7.3 10.3 7.5 2.5 4 1 3 1 1
278.9 4386.3 -2.5 10 0 7.4 20.4 7.5 2.5 2 1 3 4 4
166.9 4438.9 -2.4 292 0 4.2 21.8 5.0 2.5 2 1 2 5 5
1838.9 4160.7 -1.8 21 0 8.3 5.4 7.5 2.5 4 0 3 0 0
2274.0 4652.4 -6.6 186 0 9.5 10.9 5.0 2.5 2 1 2 5 5
2168.4 4594.7 -5.0 22 0 9.0 8.5 2.5 2.5 2 0 1 2 2
1756.7 4061.3 -1.4 269 0 7.7 9.6 5.0 2.5 2 1 2 2 2
150.5 4431.6 -2.3 292 0 4.6 7.5 7.5 2.5 2 1 3 1 1
1661.7 4089.3 -2.5 287 0 7.5 5.4 7.5 2.5 2 0 3 2 2
1379.1 3808.8 -0.1 25 0 9.5 9.3 5.0 2.5 2 0 2 3 3
2171.4 4491.6 -3.8 213 0 10.3 6.1 5.0 2.5 2 0 2 4 4
160.7 4377.3 -2.3 113 0 9.7 5.7 7.5 0.0 0 0 3 1 1
2514.4 4454.8 -5.0 188 0 12.3 8.9 5.0 0.0 0 0 2 4 4
1848.9 4156.1 -2.0 19 0 10.5 10.4 5.0 0.0 0 0 2 2 2
173.3 4354.6 -2.5 112 0 11.6 10.8 2.5 2.5 4 0 1 0 0
2713.5 4438.7 -4.3 348 0 6.7 6.4 7.5 2.5 2 0 3 0 0
2240.3 4771.5 -7.1 186 0 9.8 10.3 5.0 2.5 2 1 2 3 3
1703.2 4063.7 -1.8 282 0 9.6 8.9 5.0 2.5 2 0 2 3 3
2218.8 4649.6 -6.2 107 0 9.7 11.7 5.0 2.5 2 1 2 1 1
2211.1 4574.1 -6.0 156 0 9.7 15.2 5.0 2.5 2 1 2 3 3
2162.7 4492.0 -3.6 29 0 8.7 7.1 5.0 2.5 2 0 2 2 2
11.2 4533.1 -2.5 290 0 8.4 10.0 7.5 2.5 2 1 3 1 1
2139.9 3656.7 -1.6 0 0 6.1 10.9 7.5 2.5 2 1 3 0 0
1964.4 3909.4 -2.1 191 0 12.2 15.7 2.5 2.5 2 1 1 5 5
1938.1 4061.7 -2.0 15 0 9.5 12.8 5.0 2.5 2 1 2 4 4
1708.9 2597.4 3.9 268 0 10.2 23.5 5.0 2.5 2 1 2 4 4
906.9 3982.9 0.8 110 0 4.4 8.2 5.0 2.5 2 1 2 2 2
2216.7 4518.4 -5.6 187 0 8.5 7.2 7.5 2.5 2 0 3 5 5
1994.7 3401.4 -0.8 185 0 6.7 8.6 2.5 2.5 2 1 1 5 5
1210.4 3927.7 1.0 2 0 4.6 7.5 5.0 2.5 2 1 2 2 2
943.2 4069.3 0.1 287 0 10.4 10.0 5.0 2.5 4 0 2 3 3
1313.0 3791.2 -0.0 110 0 5.6 8.0 2.5 2.5 2 1 1 2 2
1804.1 2997.6 2.1 184 0 9.8 7.9 2.5 2.5 2 0 1 4 4
1926.5 2400.2 4.2 11 0 9.2 5.3 7.5 2.5 2 0 3 5 5
2286.4 4520.4 -5.4 95 0 7.7 12.7 2.5 2.5 2 1 1 1 1
1231.2 3912.4 0.9 9 0 11.9 8.2 5.0 2.5 2 0 2 4 4
2276.9 4494.8 -5.2 91 0 7.8 20.4 7.5 2.5 2 1 3 5 5
1106.7 3914.8 1.1 117 0 8.3 6.4 5.0 2.5 2 0 2 3 3
1087.4 3914.2 0.9 113 0 12.6 6.2 7.5 2.5 2 0 3 2 2
964.9 3975.5 0.2 12 0 5.9 8.8 5.0 2.5 2 1 2 5 5
1192.2 3968.4 0.6 297 0 5.0 6.1 5.0 2.5 2 1 2 0 0
2167.9 4585.1 -4.8 20 0 5.1 6.7 5.0 2.5 2 1 2 5 5
1284.6 3833.3 0.4 292 0 11.0 6.1 5.0 2.5 2 0 2 3 3
1186.3 3933.6 0.9 109 0 7.5 7.5 2.5 0.0 0 0 1 0 0
1022.1 4027.6 -0.5 13 0 7.5 8.3 7.5 2.5 2 1 3 1 1
1180.7 3925.8 1.0 115 0 5.4 7.5 7.5 0.0 0 1 3 5 5
912.0 3980.9 0.7 111 0 5.7 8.9 5.0 2.5 2 1 2 4 4
1715.8 4174.7 -2.6 273 0 11.0 11.6 7.5 2.5 2 1 3 0 0
1704.0 4239.2 -3.5 282 0 8.8 6.9 2.5 2.5 2 0 1 2 2
1700.1 4168.8 -2.7 184 0 7.9 8.1 7.5 2.5 2 1 3 0 0
927.0 4016.7 0.8 290 0 4.5 8.4 2.5 2.5 2 1 1 3 3
1403.1 3548.9 -1.0 4 0 7.5 10.9 7.5 2.5 2 1 3 4 4
1356.9 3879.9 0.1 193 0 5.9 6.9 5.0 2.5 2 1 2 1 1
1110.4 3975.9 0.5 290 0 7.5 10.3 7.5 2.5 2 1 3 3 3
1680.8 3579.4 -1.7 12 0 6.6 12.6 5.0 2.5 2 1 2 2 2
1936.6 2425.3 4.2 191 0 10.7 6.4 5.0 2.5 2 0 2 0 0
1833.7 4118.3 -2.1 13 0 5.3 10.3 7.5 0.0 0 1 3 2 2
1413.3 3559.0 -0.9 178 0 6.8 6.6 2.5 2.5 2 0 1 0 0
1764.2 2937.4 3.3 118 0 9.0 14.7 5.0 2.5 2 1 2 4 4
1775.8 2820.1 3.7 358 0 9.7 9.5 2.5 2.5 4 0 1 5 5
1790.8 2995.4 2.7 357 0 12.0 6.6 7.5 2.5 2 0 3 1 1
1644.8 2861.3 2.7 272 0 6.5 9.5 7.5 2.5 2 1 3 4 4
1832.3 2694.8 4.4 331 0 9.8 8.1 5.0 0.0 0 0 2 4 4
1718.0 2787.2 3.4 286 0 9.6 7.2 7.5 2.5 2 0 3 1 1
1795.9 2791.2 3.9 0 0 6.5 10.2 7.5 2.5 2 1 3 2 2
1811.8 2686.2 4.3 349 0 9.9 8.9 7.5 2.5 2 0 3 1 1
2542.8 3423.4 -0.8 89 0 8.4 8.2 5.0 2.5 2 0 2 0 0
2782.0 1847.4 1.6 177 0 10.3 6.1 5.0 2.5 2 0 2 0 0
2779.9 2473.5 1.0 206 0 6.4 6.8 7.5 2.5 2 1 3 4 4
2432.2 3385.2 -0.4 182 0 8.3 10.0 2.5 2.5 2 1 1 3 3
2210.8 3147.5 0.6 180 0 11.2 8.0 5.0 2.5 2 0 2 5 5
2887.1 3460.2 -2.8 275 0 8.2 9.2 5.0 2.5 2 1 2 5 5
2148.8 2502.8 3.4 100 0 12.2 5.5 5.0 2.5 4 0 2 0 0
2213.6 2789.2 2.2 277 0 6.8 10.9 5.0 2.5 2 1 2 4 4
2563.0 2265.9 2.0 201 0 23.5 7.4 2.5 2.5 2 0 1 3 3
2421.8 2191.7 2.7 198 0 7.3 9.3 5.0 2.5 2 1 2 1 1
2574.5 3425.0 -1.2 92 0 6.7 7.9 5.0 2.5 2 1 2 3 3
2100.0 2886.5 2.6 90 0 7.7 8.6 5.0 2.5 2 1 2 2 2
2196.2 3240.8 -1.0 165 0 6.6 8.7 7.5 2.5 2 1 3 4 4
2160.1 2769.0 2.4 94 0 10.7 9.7 7.5 2.5 2 0 3 4 4
2935.4 3537.3 -2.8 1 0 8.3 9.4 7.5 2.5 2 1 3 4 4
2848.2 1868.7 1.3 273 0 8.2 8.7 7.5 2.5 2 1 3 0 0
2858.3 3474.9 -2.4 267 0 9.8 11.6 5.0 2.5 2 1 2 5 5
2119.3 2950.1 2.8 277 0 9.5 13.0 5.0 2.5 2 1 2 2 2
2378.4 2476.0 2.6 74 0 6.8 8.8 2.5 2.5 2 1 1 3 3
2049.4 2433.4 3.8 277 0 9.5 6.7 7.5 2.5 2 0 3 1 1
2152.9 2798.0 2.8 185 0 12.6 9.6 2.5 2.5 2 0 1 5 5
2582.8 3421.4 -1.4 176 0 11.3 8.9 2.5 0.0 0 0 1 3 3
2232.7 2776.0 2.1 8 0 7.7 13.3 7.5 0.0 0 1 3 2 2
2157.0 2491.0 3.4 297 0 9.0 8.5 7.5 2.5 2 0 3 3 3
2457.4 2178.7 2.6 14 0 9.8 9.5 2.5 2.5 4 0 1 2 2
2687.7 1817.9 2.0 86 0 5.8 10.8 5.0 2.5 2 1 2 0 0
2884.9 3075.5 -1.9 192 0 8.7 11.1 5.0 2.5 2 1 2 2 2
2112.2 2684.2 3.4 96 0 6.8 12.4 2.5 2.5 2 1 1 2 2
2224.0 3322.7 -2.2 265 0 8.1 13.9 5.0 2.5 2 1 2 2 2
2882.8 3477.9 -2.9 269 0 6.6 7.1 5.0 2.5 2 1 2 2 2
2107.2 2966.8 2.8 272 0 9.1 10.8 5.0 2.5 2 1 2 3 3
2610.9 2425.1 1.8 15 0 6.5 6.5 5.0 2.5 2 1 2 4 4
2479.7 3341.7 0.2 273 0 8.3 9.6 2.5 2.5 2 1 1 0 0
2881.5 3486.4 -3.0 261 0 5.7 6.9 5.0 2.5 2 1 2 1 1
2726.2 2383.2 1.3 187 0 12.0 6.9 5.0 2.5 2 0 2 5 5
2644.5 2473.7 1.6 94 0 7.8 8.3 7.5 2.5 2 1 3 3 3
2059.3 2433.3 3.8 277 0 5.6 8.7 5.0 2.5 2 1 2 5 5
2210.4 3136.3 0.7 182 0 8.6 5.7 5.0 2.5 2 0 2 3 3
2822.2 3365.1 -2.5 355 0 7.7 8.8 7.5 2.5 2 1 3 3 3
2087.0 2048.0 3.7 85 0 8.6 10.6 7.5 2.5 2 1 3 2 2
2333.2 3236.6 -0.0 178 0 7.7 9.6 5.0 2.5 2 1 2 1 1
2181.9 2508.6 3.3 27 0 11.5 13.6 5.0 2.5 2 1 2 5 5
3043.9 2694.0 -0.2 67 0 6.3 7.8 7.5 2.5 2 1 3 3 3
2856.8 3559.6 -3.3 271 0 9.2 6.8 5.0 2.5 2 0 2 5 5
2443.9 2510.9 2.3 95 0 7.9 6.6 7.5 2.5 2 0 3 3 3
2799.2 2518.3 0.9 236 0 8.9 7.0 5.0 2.5 2 0 2 1 1
2159.9 2824.7 2.7 273 0 7.4 13.9 5.0 2.5 2 1 2 4 4
2621.1 2265.0 1.9 4 0 9.6 6.0 7.5 2.5 4 0 3 4 4
2228.9 2421.4 3.2 204 0 8.6 6.0 2.5 2.5 2 0 1 0 0
2047.7 2418.4 3.8 99 0 8.3 6.3 2.5 2.5 2 0 1 1 1
2950.7 3526.1 -2.8 179 0 10.6 7.6 7.5 2.5 2 0 3 1 1
2209.8 3198.5 -0.2 176 0 6.1 5.4 2.5 2.5 2 0 1 2 2
2568.8 3470.2 -1.3 258 0 8.0 11.7 7.5 2.5 2 1 3 3 3
2177.5 3430.9 -1.9 91 0 6.8 7.3 5.0 2.5 4 1 2 4 4
2476.3 2520.4 2.2 2 0 13.1 10.1 2.5 2.5 2 0 1 2 2
2260.2 2352.7 3.2 280 0 8.4 8.9 2.5 2.5 2 1 1 0 0
2773.5 1848.3 1.6 178 0 8.4 5.5 5.0 2.5 2 0 2 4 4
2019.8 2068.1 3.9 88 0 9.3 8.5 7.5 2.5 2 0 3 3 3
2604.4 2034.1 2.1 175 0 7.9 10.5 2.5 2.5 2 1 1 0 0
2206.3 2521.0 3.2 213 0 11.9 7.1 7.5 2.5 2 0 3 0 0
2335.9 2662.3 2.6 185 0 6.6 9.3 2.5 2.5 2 1 1 3 3
2363.4 3179.3 1.2 100 0 12.0 6.6 2.5 2.5 2 0 1 5 5
2234.8 2432.5 3.2 204 0 10.9 8.0 5.0 2.5 2 0 2 2 2
2356.7 2454.0 2.7 272 0 10.3 7.1 5.0 0.0 0 0 2 3 3
2795.3 1851.1 1.6 272 0 7.9 9.6 2.5 2.5 4 1 1 1 1
2736.1 3375.0 -2.2 197 0 6.5 10.1 7.5 2.5 2 1 3 4 4
2107.2 3773.5 -2.6 91 0 12.5 11.2 5.0 2.5 4 0 2 3 3
2077.0 2305.5 3.8 87 0 9.2 8.8 7.5 0.0 0 0 3 5 5
2208.4 3223.0 -0.6 183 0 8.9 9.5 2.5 2.5 2 1 1 4 4
2211.6 3302.3 -1.9 269 0 8.8 7.8 7.5 2.5 2 0 3 1 1
2474.6 3212.5 0.8 28 0 6.7 8.6 5.0 2.5 4 1 2 1 1
2460.7 3357.1 -0.0 91 0 13.9 9.4 2.5 2.5 2 0 1 1 1
2447.0 3202.0 0.9 19 0 9.5 8.8 5.0 2.5 2 0 2 3 3
2543.1 3252.1 -0.3 127 0 5.3 7.1 5.0 2.5 2 1 2 2 2
2430.2 2460.0 2.4 285 0 5.4 8.2 5.0 2.5 2 1 2 4 4
2198.4 2530.4 3.2 21 0 8.6 13.0 2.5 2.5 2 1 1 3 3
2393.7 3157.5 1.2 106 0 10.8 11.4 7.5 2.5 4 1 3 0 0
2562.3 2079.0 2.3 88 0 5.5 7.5 7.5 2.5 2 1 3 2 2
3005.0 3445.0 -2.7 1 0 16.5 8.4 5.0 2.5 2 0 2 4 4
2467.3 2231.5 2.5 264 0 6.0 6.4 5.0 2.5 2 1 2 2 2
2234.5 3154.3 0.5 6 0 11.4 11.0 5.0 2.5 4 0 2 3 3
2667.4 3097.2 -1.2 90 0 8.9 11.6 7.5 2.5 2 1 3 4 4
2840.5 3496.4 -2.4 268 0 12.7 8.9 7.5 2.5 2 0 3 5 5
2637.1 3400.2 -1.8 93 0 16.0 11.7 7.5 2.5 2 0 3 3 3
2124.9 2856.4 2.5 95 0 8.7 12.5 5.0 2.5 2 1 2 1 1
2724.5 3366.9 -2.3 185 0 8.9 8.3 5.0 2.5 2 0 2 0 0
2229.1 3173.3 0.2 8 0 4.0 9.7 5.0 2.5 2 1 2 0 0
2170.3 3470.3 -1.6 272 0 8.1 7.1 5.0 2.5 2 0 2 1 1
2621.6 2537.5 1.6 200 0 8.3 6.8 7.5 2.5 2 0 3 2 2
2636.8 3393.0 -1.7 93 0 9.0 5.3 5.0 2.5 2 0 2 2 2
2063.5 2430.0 3.8 191 0 6.0 5.8 5.0 2.5 4 0 2 5 5
2423.7 2465.8 2.4 281 0 6.3 9.7 5.0 2.5 2 1 2 5 5
2901.8 3515.0 -4.1 85 0 8.6 7.9 5.0 2.5 2 0 2 3 3
2659.3 2480.2 1.5 97 0 11.4 10.2 5.0 2.5 2 0 2 0 0
2067.4 2397.3 3.8 96 0 10.3 5.2 7.5 2.5 4 0 3 5 5
2312.4 3204.9 0.4 188 0 6.9 7.5 7.5 2.5 2 1 3 5 5
1863.3 2720.9 4.3 201 0 10.9 13.5 2.5 0.0 0 1 1 2 2
2579.6 2386.1 1.9 24 0 6.2 10.5 5.0 2.5 4 1 2 3 3
2383.5 3067.4 0.7 95 0 7.5 8.6 5.0 2.5 2 1 2 1 1
2072.8 2444.5 3.7 201 0 8.1 7.0 2.5 2.5 2 0 1 3 3
1914.5 2656.8 4.2 106 0 6.5 8.2 2.5 2.5 2 1 1 5 5
2439.7 2543.0 2.3 270 0 7.0 9.5 7.5 2.5 2 1 3 5 5
2389.2 2256.3 2.7 88 0 9.4 9.5 7.5 2.5 2 1 3 1 1
2630.3 2550.0 1.6 274 0 10.2 7.9 2.5 2.5 2 0 1 0 0
2885.0 3508.4 -3.6 88 0 7.4 10.1 5.0 2.5 2 1 2 0 0
2362.1 3169.7 1.4 92 0 5.5 8.2 5.0 0.0 0 1 2 2 2
2406.4 2051.5 2.8 93 0 10.1 12.3 7.5 2.5 2 1 3 3 3
2483.7 2214.4 2.4 87 0 9.1 8.6 5.0 2.5 2 0 2 0 0
2692.6 2066.3 1.8 358 0 5.1 9.6 5.0 2.5 2 1 2 4 4
2909.4 2557.4 0.5 79 0 8.7 6.8 7.5 2.5 2 0 3 5 5
2574.7 3388.0 -1.1 356 0 7.1 9.8 7.5 2.5 2 1 3 2 2
2297.5 3201.1 0.3 267 0 10.9 8.2 5.0 2.5 2 0 2 4 4
1864.8 2690.8 4.3 102 0 6.5 9.6 5.0 2.5 2 1 2 3 3
2784.4 1877.2 1.6 290 0 6.6 10.7 5.0 2.5 2 1 2 4 4
2556.2 3259.1 -0.4 270 0 6.9 7.9 7.5 2.5 2 1 3 3 3
2868.1 2439.4 0.7 91 0 7.7 6.0 7.5 2.5 2 0 3 2 2
2628.2 2122.9 2.0 272 0 6.9 10.0 5.0 2.5 2 1 2 5 5
2369.4 2508.2 2.6 184 0 7.2 8.8 2.5 2.5 2 1 1 5 5
2550.8 2068.7 2.3 91 0 6.3 6.6 2.5 2.5 2 1 1 3 3
2017.6 2835.0 3.2 2 0 8.3 6.0 2.5 2.5 2 0 1 5 5
2594.8 3417.6 -1.6 173 0 15.3 6.8 5.0 0.0 0 0 2 0 0
2369.1 3167.3 1.4 101 0 7.6 6.6 7.5 2.5 2 0 3 2 2
2797.1 3384.5 -2.3 9 0 12.2 8.2 2.5 2.5 4 0 1 4 4
2496.4 2213.7 2.4 86 0 8.2 10.5 2.5 2.5 2 1 1 5 5
2964.1 3492.1 -2.7 271 0 7.4 9.1 7.5 2.5 2 1 3 4 4
2924.1 2559.6 0.4 88 0 7.4 10.4 7.5 2.5 2 1 3 0 0
2692.5 2058.7 1.8 356 0 6.2 10.3 5.0 2.5 2 1 2 2 2
2305.6 3197.1 0.5 196 0 5.4 9.1 5.0 2.5 2 1 2 1 1
2046.4 2684.5 3.7 90 0 8.1 6.4 5.0 2.5 2 0 2 4 4
2658.7 3334.2 -1.7 89 0 11.1 7.5 7.5 2.5 2 0 3 0 0
2171.3 2132.6 3.5 281 0 8.7 14.7 5.0 2.5 2 1 2 1 1
2576.1 2380.5 1.9 22 0 4.8 11.0 5.0 2.5 2 1 2 2 2
2643.5 2427.3 1.6 269 0 6.1 8.3 7.5 2.5 2 1 3 3 3
2734.0 3173.7 -1.8 272 0 10.6 11.9 5.0 2.5 2 1 2 5 5
2096.4 2749.3 3.4 180 0 5.6 5.7 2.5 0.0 0 1 1 1 1
2295.0 2442.3 2.9 277 0 7.8 7.5 7.5 2.5 2 0 3 2 2
2974.2 3504.9 -2.8 268 0 12.1 9.0 2.5 2.5 2 0 1 1 1
2659.4 2540.6 1.5 290 0 6.4 10.0 2.5 2.5 2 1 1 0 0
2740.9 2500.5 1.2 79 0 5.0 8.2 5.0 2.5 2 1 2 2 2
2416.5 2547.0 2.4 266 0 7.2 10.7 7.5 2.5 2 1 3 2 2
2081.4 2468.2 3.7 202 0 6.8 9.2 7.5 2.5 2 1 3 3 3
2755.8 3353.1 -2.1 120 0 7.5 8.8 7.5 2.5 4 1 3 5 5
2572.7 2408.2 1.9 11 0 6.7 9.2 7.5 0.0 0 1 3 2 2
2129.3 2956.4 2.8 2 0 7.6 10.6 7.5 2.5 2 1 3 0 0
2698.1 2114.0 1.7 274 0 11.3 8.5 7.5 2.5 2 0 3 2 2
2147.2 2930.7 2.2 273 0 9.1 10.0 5.0 2.5 2 1 2 2 2
2097.4 2756.9 3.4 183 0 6.3 4.9 2.5 0.0 0 0 1 4 4
2563.1 2390.7 2.0 90 0 8.9 6.5 2.5 2.5 2 0 1 5 5
2321.5 3282.2 -0.8 177 0 6.0 8.8 5.0 2.5 2 1 2 0 0
1903.5 2715.1 4.2 17 0 8.7 7.2 7.5 2.5 2 0 3 4 4
2327.6 3162.5 1.2 91 0 6.6 9.3 2.5 2.5 2 1 1 1 1
2578.0 1993.8 2.3 76 0 9.0 8.9 2.5 2.5 4 0 1 5 5
2433.9 3324.8 -0.0 270 0 11.8 10.1 5.0 2.5 2 0 2 1 1
2520.7 2215.2 2.3 86 0 7.3 9.5 5.0 2.5 2 1 2 0 0
2807.4 1815.4 1.6 0 0 8.0 6.5 2.5 0.0 0 0 1 4 4
2786.5 3366.8 -2.2 102 0 7.8 10.0 2.5 2.5 2 1 1 1 1
2813.7 3555.9 -2.5 178 0 6.6 10.0 7.5 2.5 2 1 3 4 4
2700.6 2338.5 1.5 180 0 6.5 6.9 5.0 2.5 2 1 2 2 2
2463.9 3221.0 0.9 23 0 5.8 9.3 7.5 0.0 0 1 3 2 2
2582.8 2405.4 1.9 17 0 8.1 8.8 5.0 2.5 2 1 2 5 5
2523.0 2341.4 2.2 289 0 9.9 5.2 7.5 2.5 2 0 3 2 2
2596.4 2182.8 2.0 186 0 6.6 9.3 7.5 2.5 2 1 3 2 2
2043.1 2918.4 3.1 182 0 7.3 5.3 7.5 2.5 2 0 3 5 5
2740.8 3511.2 -2.3 253 0 10.1 9.5 2.5 0.0 0 0 1 5 5
2415.6 3291.1 0.0 190 0 7.2 5.6 5.0 2.5 2 0 2 5 5
2780.0 1864.2 1.6 278 0 5.6 9.5 2.5 2.5 2 1 1 2 2
2233.9 2858.6 2.3 14 0 10.0 6.5 5.0 2.5 2 0 2 0 0
2435.0 3256.1 0.6 205 0 7.8 12.1 5.0 2.5 2 1 2 4 4
2839.8 3473.0 -2.4 269 0 8.9 5.6 5.0 2.5 2 0 2 4 4
2686.4 2044.1 1.8 0 0 7.1 10.2 7.5 2.5 2 1 3 2 2
2316.6 3151.1 1.3 90 0 9.2 8.9 2.5 2.5 2 0 1 1 1
2200.1 2510.6 3.2 205 0 9.0 5.7 5.0 0.0 0 0 2 0 0
2674.5 2531.9 1.4 282 0 7.9 6.7 7.5 2.5 2 0 3 1 1
1986.6 2456.6 4.0 277 0 8.9 15.0 5.0 2.5 2 1 2 4 4
2105.8 2473.2 3.6 298 0 7.8 6.9 5.0 0.0 0 0 2 2 2
2780.8 3439.2 -2.4 355 0 9.7 6.8 7.5 2.5 2 0 3 2 2
2821.0 3546.2 -2.6 177 0 8.3 12.5 7.5 2.5 2 1 3 3 3
2035.3 2970.1 2.2 181 0 9.7 10.3 7.5 2.5 2 1 3 3 3
2794.0 2545.7 0.9 24 0 8.5 6.5 7.5 2.5 2 0 3 2 2
1938.5 2106.6 4.2 120 0 8.6 6.9 5.0 2.5 2 0 2 1 1
2285.4 2442.6 3.0 279 0 7.4 5.8 2.5 2.5 4 0 1 0 0
2754.1 2545.2 1.1 211 0 10.9 6.8 7.5 0.0 0 0 3 1 1
2066.5 2304.3 3.8 90 0 7.8 9.3 2.5 2.5 2 1 1 1 1
2731.4 2498.0 1.2 78 0 7.0 5.4 5.0 0.0 0 0 2 4 4
2109.9 1808.1 3.7 87 0 14.5 11.3 7.5 2.5 2 0 3 1 1
2907.6 3538.3 -3.5 88 0 6.1 5.7 2.5 2.5 2 0 1 1 1
2691.7 1857.3 2.0 266 0 4.4 8.2 7.5 2.5 2 1 3 4 4
2748.7 3356.4 -2.2 105 0 5.3 8.9 5.0 2.5 2 1 2 4 4
2735.0 2455.8 1.2 273 0 11.8 5.2 5.0 0.0 0 0 2 5 5
2044.5 2322.7 3.8 271 0 6.2 8.6 7.5 2.5 4 1 3 4 4
2219.6 2762.1 2.9 8 0 7.1 11.0 2.5 0.0 0 1 1 4 4
3072.9 2686.0 -0.3 255 0 6.6 8.7 5.0 2.5 2 1 2 5 5
2673.5 2519.2 1.4 8 0 7.9 10.1 5.0 2.5 2 1 2 4 4
2840.5 3486.3 -2.4 266 0 9.3 6.3 7.5 2.5 2 0 3 5 5
2781.1 3426.7 -2.3 0 0 9.4 6.9 2.5 2.5 2 0 1 0 0
2607.4 2027.4 2.1 273 0 6.2 9.2 2.5 2.5 2 1 1 3 3
3003.8 3487.4 -2.9 0 0 7.9 10.7 5.0 2.5 2 1 2 3 3
2110.5 1822.7 3.7 91 0 13.1 9.3 5.0 2.5 2 0 2 0 0
2008.0 3526.6 -1.6 1 0 8.8 6.2 7.5 2.5 2 0 3 0 0
2672.0 1919.5 2.0 107 0 6.5 7.5 5.0 2.5 2 1 2 1 1
2646.1 3390.1 -1.8 98 0 7.0 7.9 2.5 2.5 2 1 1 0 0
2195.1 2908.7 2.0 280 0 13.7 9.4 7.5 2.5 2 0 3 3 3
2063.0 2415.7 3.8 96 0 7.3 7.4 5.0 2.5 2 1 2 2 2
2350.3 3251.2 -0.1 170 0 8.7 5.7 7.5 2.5 2 0 3 2 2
1954.3 2657.1 4.1 4 0 5.8 8.7 7.5 2.5 2 1 3 5 5
2835.6 3503.8 -2.4 84 0 9.2 6.1 7.5 2.5 2 0 3 2 2
2494.6 3103.6 -0.3 184 0 5.4 14.0 7.5 2.5 2 1 3 1 1
2740.9 3358.9 -2.2 107 0 6.0 8.2 7.5 2.5 2 1 3 3 3
2751.8 2370.5 1.3 0 0 7.2 11.4 5.0 2.5 2 1 2 4 4
2456.4 3210.1 0.9 26 0 12.0 7.7 2.5 2.5 2 0 1 4 4
2482.5 2924.0 0.9 183 0 7.6 5.3 5.0 0.0 0 0 2 2 2
2038.3 2307.5 3.9 179 0 5.7 7.3 7.5 2.5 2 1 3 1 1
1929.9 2815.3 3.9 301 0 5.5 5.5 7.5 2.5 4 1 3 5 5
3078.3 2753.7 -0.3 265 0 10.9 15.0 5.0 2.5 2 1 2 2 2
2692.8 2081.4 1.8 1 0 8.7 6.6 7.5 2.5 2 0 3 0 0
2412.6 3310.7 -0.1 187 0 5.5 10.1 7.5 0.0 0 1 3 5 5
2112.8 1868.4 3.7 0 0 9.0 6.2 5.0 2.5 2 0 2 0 0
2394.1 3317.4 -0.5 7 0 14.8 9.3 7.5 2.5 2 0 3 1 1
2508.3 3285.5 0.1 287 0 10.6 6.1 5.0 0.0 0 0 2 1 1
2294.7 2469.5 2.9 97 0 6.4 7.8 5.0 2.5 2 1 2 5 5
2056.9 2498.0 3.8 185 0 10.7 6.7 7.5 0.0 0 0 3 1 1
2076.4 2939.1 3.0 180 0 9.0 12.2 7.5 2.5 4 1 3 5 5
2073.7 2419.7 3.7 95 0 7.3 8.5 7.5 2.5 2 1 3 1 1
2749.7 2385.1 1.3 77 0 6.1 5.4 5.0 2.5 2 0 2 2 2
2773.7 3146.4 -2.0 28 0 8.7 8.4 2.5 2.5 2 0 1 1 1
2620.3 2525.1 1.6 102 0 6.9 6.7 5.0 2.5 2 0 2 1 1
2194.1 2880.3 1.9 107 0 11.2 8.6 5.0 2.5 2 0 2 1 1
2574.1 3379.1 -1.0 356 0 8.5 9.0 5.0 2.5 2 1 2 0 0
2717.0 3474.7 -2.5 267 0 8.5 15.9 7.5 2.5 4 1 3 3 3
2941.2 3525.6 -2.7 265 0 5.2 8.7 7.5 2.5 4 1 3 5 5
2373.2 2490.0 2.6 93 0 8.6 7.9 5.0 2.5 2 0 2 0 0
2116.9 1945.7 3.7 182 0 9.1 6.5 2.5 2.5 2 0 1 0 0
2635.7 2038.1 2.0 108 0 5.7 8.6 5.0 2.5 2 1 2 0 0
2300.5 2275.8 3.1 1 0 10.0 15.1 2.5 2.5 2 1 1 3 3
2641.5 2456.2 1.6 96 0 6.6 11.7 7.5 2.5 2 1 3 3 3
1938.6 2673.0 4.1 278 0 7.1 9.1 7.5 2.5 2 1 3 0 0
2839.8 3479.1 -2.4 268 0 8.9 5.4 7.5 2.5 2 0 3 1 1
2379.2 3163.4 1.3 102 0 9.3 7.7 5.0 2.5 2 0 2 0 0
2791.0 2424.0 1.1 357 0 9.1 7.3 2.5 0.0 0 0 1 0 0
2684.8 3338.1 -1.8 358 0 7.0 8.7 5.0 2.5 2 1 2 5 5
2881.6 3440.5 -2.6 94 0 10.3 7.9 5.0 2.5 4 0 2 4 4
1980.8 3539.7 -1.7 178 0 7.3 5.3 5.0 2.5 2 0 2 4 4
2302.6 3187.7 0.6 183 0 6.9 11.7 2.5 0.0 0 1 1 0 0
2074.9 2454.9 3.7 204 0 5.7 8.9 2.5 2.5 2 1 1 3 3
2744.3 3467.4 -2.2 273 0 8.7 9.1 7.5 2.5 4 1 3 0 0
2159.4 3802.0 -2.1 176 0 9.0 7.4 7.5 2.5 2 0 3 2 2
2738.2 2476.1 1.2 265 0 6.6 10.1 5.0 2.5 2 1 2 0 0
2123.3 1904.5 3.7 0 0 6.6 10.9 7.5 2.5 2 1 3 0 0
2688.3 1994.5 1.9 358 0 7.5 10.0 2.5 2.5 2 1 1 2 2
2632.9 2462.1 1.6 96 0 7.9 8.4 7.5 2.5 2 1 3 5 5
2124.1 1857.3 3.7 0 0 8.0 9.2 7.5 2.5 2 1 3 0 0
2547.7 3390.2 -0.8 183 0 9.6 6.6 5.0 2.5 2 0 2 0 0
2651.2 2104.1 1.9 264 0 7.0 8.2 5.0 2.5 2 1 2 0 0
2469.4 3420.9 -0.2 257 0 6.3 10.8 7.5 2.5 2 1 3 4 4
2783.4 3396.4 -2.2 28 0 5.4 7.6 7.5 2.5 2 1 3 1 1
2152.1 3688.7 -1.6 180 0 10.2 9.9 7.5 2.5 4 0 3 4 4
2374.7 3148.7 1.3 100 0 7.2 11.0 5.0 2.5 2 1 2 1 1
1944.0 2755.6 3.8 198 0 8.5 9.1 5.0 2.5 2 1 2 1 1
2134.0 3381.5 -1.7 186 0 5.9 12.1 2.5 2.5 2 1 1 5 5
2504.1 2441.6 2.2 359 0 9.5 10.2 7.5 0.0 0 1 3 2 2
3103.3 3422.3 -3.7 275 0 9.8 11.2 7.5 2.5 2 1 3 0 0
3445.9 3785.8 -4.7 96 0 7.6 9.0 2.5 2.5 2 1 1 0 0
3247.4 4034.8 -4.6 272 0 6.3 10.9 5.0 2.5 2 1 2 1 1
3227.9 4025.3 -4.6 274 0 7.7 4.8 2.5 2.5 2 0 1 5 5
3305.9 4015.9 -4.7 281 0 5.4 9.7 5.0 2.5 2 1 2 2 2
3128.2 3407.5 -3.8 9 0 8.7 9.0 5.0 2.5 2 1 2 4 4
3257.4 4034.2 -4.5 271 0 4.4 7.3 7.5 2.5 2 1 3 2 2
2989.8 4037.8 -4.4 0 0 8.6 8.3 5.0 2.5 2 0 2 2 2
3467.1 4002.1 -4.8 101 0 5.7 9.3 7.5 0.0 0 1 3 1 1
3223.2 3550.5 -3.2 204 0 9.7 6.4 7.5 2.5 2 0 3 4 4
3169.6 3464.8 -3.0 275 0 6.2 12.3 7.5 2.5 2 1 3 5 5
3014.1 3771.3 -3.4 177 0 7.9 7.0 2.5 2.5 2 0 1 4 4
3103.3 3435.3 -3.8 208 0 7.1 8.6 2.5 2.5 2 1 1 1 1
3199.6 3490.7 -3.1 102 0 9.0 8.9 5.0 2.5 2 0 2 4 4
3199.4 4042.9 -4.5 270 0 6.9 9.4 5.0 2.5 2 1 2 4 4
3533.2 3871.1 -5.5 29 0 9.5 4.7 5.0 2.5 2 0 2 0 0
3318.5 3628.3 -3.4 196 0 10.7 9.5 7.5 2.5 2 0 3 0 0
3032.5 3822.9 -3.5 183 0 7.4 12.4 5.0 2.5 2 1 2 4 4
3225.9 4018.3 -4.6 275 0 5.3 5.8 7.5 0.0 0 1 3 0 0
2152.5 4485.0 -3.5 32 0 7.3 7.9 5.0 2.5 2 1 2 4 4
2287.3 4909.3 -7.5 0 0 12.3 8.4 5.0 2.5 2 0 2 1 1
2332.4 4504.3 -5.6 297 0 6.6 9.3 5.0 2.5 2 1 2 5 5
2391.5 4682.4 -6.3 18 0 9.7 7.2 7.5 2.5 2 0 3 1 1
2389.1 4665.8 -6.2 291 0 6.8 9.0 5.0 2.5 2 1 2 2 2
2715.9 4323.6 -3.9 355 0 6.9 9.0 5.0 2.5 2 1 2 1 1
2665.2 4599.0 -5.1 1 0 7.4 13.1 5.0 2.5 2 1 2 4 4
2651.5 4615.4 -5.2 268 0 9.2 7.1 7.5 0.0 0 0 3 0 0
2684.8 4414.3 -4.3 241 0 5.8 9.2 7.5 2.5 2 1 3 5 5
-872.1 5581.3 -2.9 117 0 7.2 11.0 2.5 2.5 2 1 1 0 0
-869.2 5570.0 -2.8 207 0 36.1 12.7 7.5 2.5 2 0 3 1 1
-891.4 5543.7 -2.3 212 0 9.9 6.3 5.0 2.5 2 0 2 4 4
-887.0 5538.4 -2.3 210 0 13.4 8.2 2.5 2.5 4 0 1 5 5
-873.1 5534.1 -2.3 29 0 9.5 4.8 5.0 2.5 2 0 2 3 3
-879.3 5500.3 -2.9 23 0 8.1 3.9 7.5 2.5 2 0 3 2 2
2146.4 3443.0 -1.5 107 0 8.8 8.5 7.5 2.5 2 0 3 5 5
1668.3 3611.3 -1.9 97 0 6.5 8.9 7.5 2.5 2 1 3 4 4
1775.5 3557.8 -3.0 101 0 9.5 8.4 7.5 2.5 2 0 3 1 1
1952.7 3439.6 -1.1 287 0 8.4 22.1 5.0 2.5 2 1 2 3 3
-1116.3 5137.2 -1.3 218 0 6.2 5.9 7.5 2.5 2 0 3 5 5
-1117.7 5112.5 -1.1 126 0 11.1 10.9 7.5 2.5 2 0 3 0 0
-1159.8 5086.5 -0.3 19 0 5.9 6.3 5.0 2.5 2 1 2 1 1
-1163.6 5076.0 -0.2 17 0 14.3 8.7 5.0 2.5 2 0 2 2 2
-1183.5 5090.7 -0.1 238 0 3.2 9.8 5.0 2.5 2 1 2 3 3
-1213.7 5074.8 0.1 242 0 3.8 10.3 7.5 2.5 2 1 3 3 3
-1135.9 5104.0 -0.7 309 0 8.1 8.8 5.0 2.5 2 1 2 1 1
-1147.1 5062.0 -0.4 14 0 28.6 8.2 7.5 2.5 4 0 3 4 4
-1202.7 5024.4 -0.8 106 0 4.2 10.1 5.0 2.5 2 1 2 1 1
-1194.6 5021.6 -0.9 104 0 4.0 11.3 7.5 2.5 2 1 3 3 3
-1235.8 5050.4 -0.3 182 0 3.5 8.5 7.5 2.5 2 1 3 0 0
-1251.5 5047.3 -0.6 268 0 5.0 7.0 7.5 0.0 0 1 3 2 2
2173.7 4711.8 -6.8 4 0 10.5 5.5 2.5 2.5 2 0 1 0 0
2180.4 4710.6 -6.9 2 0 9.6 5.6 5.0 2.5 2 0 2 3 3
2534.0 4966.3 -6.8 100 0 4.8 8.9 5.0 2.5 4 1 2 0 0
3380.9 4787.0 -3.4 276 0 8.4 4.9 5.0 2.5 2 0 2 4 4
3411.0 4776.3 -3.3 278 0 8.0 8.7 5.0 2.5 2 1 2 1 1
2902.6 4800.3 -5.1 97 0 5.8 10.6 7.5 2.5 2 1 3 3 3
2640.2 3423.1 -1.8 7 0 5.8 7.0 2.5 2.5 4 1 1 2 2
1613.9 3700.9 -1.1 113 0 24.3 5.7 7.5 2.5 2 0 3 5 5
1897.7 3854.2 -2.6 119 0 5.6 8.7 2.5 2.5 2 1 1 2 2
1891.4 3852.3 -2.7 18 0 9.9 7.7 2.5 2.5 2 0 1 4 4
1882.1 3878.5 -2.9 210 0 9.8 5.4 5.0 2.5 2 0 2 5 5
1897.3 3889.8 -2.8 288 0 9.0 7.4 7.5 2.5 2 0 3 0 0
2143.2 4198.5 -2.0 2 0 10.7 6.7 7.5 2.5 2 0 3 0 0
3036.5 4545.1 -3.7 77 0 5.4 9.4 2.5 2.5 2 1 1 2 2
3049.6 4548.5 -3.7 75 0 8.4 12.0 2.5 0.0 0 1 1 3 3
2712.7 4366.9 -4.0 172 0 5.5 10.3 5.0 2.5 2 1 2 0 0
2702.3 4419.5 -4.3 266 0 7.8 5.7 7.5 2.5 2 0 3 3 3
2698.2 4385.8 -4.2 173 0 7.2 5.6 7.5 2.5 2 0 3 2 2
2701.8 4313.0 -3.9 87 0 9.3 5.9 7.5 2.5 4 0 3 3 3
2701.0 4343.8 -4.0 357 0 5.3 6.0 5.0 2.5 2 1 2 4 4
2938.1 4877.7 -5.2 101 0 9.7 5.8 5.0 2.5 2 0 2 5 5
3032.9 4864.6 -4.9 187 0 5.3 13.1 5.0 2.5 2 1 2 2 2
3471.2 4935.9 -3.7 9 0 10.5 5.0 5.0 2.5 2 0 2 5 5
3448.5 4875.1 -3.6 11 0 7.8 5.4 5.0 2.5 2 0 2 3 3
3445.2 4861.5 -3.5 11 0 7.7 5.7 5.0 2.5 2 0 2 1 1
3277.9 4830.7 -4.0 95 0 8.1 8.7 7.5 2.5 2 1 3 4 4
3296.3 4833.1 -3.9 96 0 6.1 8.5 2.5 2.5 2 1 1 3 3
3202.4 4603.2 -3.3 272 0 4.9 7.3 2.5 2.5 2 1 1 2 2
3382.1 4810.2 -3.5 96 0 5.4 6.6 5.0 2.5 2 1 2 3 3
3401.3 4808.6 -3.5 99 0 6.5 8.0 7.5 2.5 2 1 3 1 1
3292.9 4642.4 -3.2 192 0 4.1 8.4 7.5 2.5 2 1 3 0 0
1558.7 4828.0 -5.5 96 0 12.3 9.1 5.0 2.5 2 0 2 3 3
1703.7 4144.8 -2.4 95 0 5.3 6.5 7.5 2.5 2 1 3 5 5
1815.4 4156.2 -1.6 23 0 7.1 6.4 5.0 2.5 4 0 2 2 2
1821.8 4153.9 -1.6 23 0 8.3 5.5 7.5 2.5 2 0 3 1 1
1831.4 4151.5 -1.8 16 0 7.7 8.4 5.0 2.5 2 1 2 0 0
1960.8 3569.5 -2.0 337 0 19.0 13.8 7.5 2.5 2 0 3 5 5
4251.0 3100.0 -3.4 207 0 6.5 7.9 5.0 2.5 2 1 2 3 3
4244.6 3086.8 -3.4 199 0 12.2 8.3 5.0 2.5 2 0 2 5 5
4261.2 3065.4 -3.3 15 0 7.7 8.7 7.5 2.5 2 1 3 0 0
4227.6 3050.1 -3.3 115 0 6.9 8.9 5.0 2.5 2 1 2 3 3
4215.5 3040.6 -3.3 110 0 6.6 9.2 2.5 2.5 2 1 1 3 3
4195.7 3052.5 -3.3 121 0 11.6 7.0 2.5 0.0 0 0 1 4 4
4185.1 3081.9 -3.3 293 0 8.1 10.2 5.0 0.0 0 1 2 5 5
4170.8 3060.3 -3.3 119 0 11.1 9.8 7.5 2.5 2 0 3 5 5
4099.9 2872.5 -2.9 286 0 8.5 11.5 7.5 2.5 2 1 3 0 0
3901.2 3298.4 -3.4 113 0 4.6 7.5 5.0 2.5 2 1 2 0 0
3649.6 3357.8 -3.3 89 0 8.8 10.5 5.0 2.5 2 1 2 1 1
3846.1 3354.1 -3.4 293 0 8.6 9.9 5.0 2.5 2 1 2 3 3
3853.8 2960.0 -2.8 19 0 8.1 7.1 7.5 2.5 2 0 3 3 3
3900.3 3104.3 -3.1 279 0 7.1 16.3 5.0 2.5 4 1 2 5 5
3814.2 2985.4 -2.8 286 0 6.6 8.8 7.5 2.5 2 1 3 4 4
3952.0 2832.9 -2.7 18 0 4.4 7.5 5.0 2.5 2 1 2 0 0
4154.7 3800.8 -6.2 24 0 5.3 6.4 7.5 2.5 2 1 3 5 5
4151.2 3811.6 -6.1 200 0 8.3 6.2 2.5 2.5 2 0 1 1 1
5068.7 2927.9 -4.6 113 0 5.0 6.4 5.0 2.5 2 1 2 0 0
5157.9 2883.3 -4.6 120 0 7.3 4.6 5.0 2.5 2 0 2 2 2
5154.7 2949.5 -5.2 207 0 6.5 6.0 5.0 2.5 2 0 2 1 1
3631.1 3862.8 -5.6 14 0 9.2 6.1 7.5 2.5 2 0 3 2 2
3681.9 3744.0 -5.5 105 0 6.4 7.1 7.5 2.5 2 1 3 1 1
3655.3 3864.5 -5.6 192 0 9.9 12.7 7.5 2.5 4 1 3 4 4
3554.5 3590.7 -3.6 11 0 7.1 9.2 2.5 2.5 2 1 1 3 3
3514.7 3494.4 -3.4 105 0 6.8 7.6 2.5 2.5 2 1 1 0 0
3525.4 3516.7 -3.4 14 0 12.8 7.2 5.0 2.5 2 0 2 1 1
3648.4 3419.2 -3.4 358 0 10.0 4.5 5.0 2.5 2 0 2 3 3
3636.8 3358.7 -3.3 90 0 14.0 6.0 5.0 2.5 2 0 2 5 5
3542.8 3178.3 -2.9 3 0 12.7 15.2 7.5 2.5 2 1 3 3 3
3553.4 3227.8 -3.0 5 0 6.5 8.0 2.5 2.5 2 1 1 2 2
3573.0 3285.3 -3.1 183 0 12.6 14.3 5.0 0.0 0 1 2 5 5
4202.0 3275.5 -3.6 204 0 8.1 11.5 5.0 2.5 2 1 2 4 4
4282.9 3239.4 -3.6 101 0 7.0 9.8 7.5 2.5 2 1 3 4 4
4270.5 3133.6 -3.4 287 0 5.4 10.7 5.0 2.5 2 1 2 2 2
4252.8 3058.6 -3.3 19 0 6.2 6.8 7.5 2.5 2 1 3 5 5
4257.0 3024.4 -3.3 120 0 7.2 5.7 7.5 2.5 2 0 3 3 3
4359.6 2697.9 -2.8 112 0 6.0 15.8 5.0 2.5 2 1 2 2 2
4396.5 2759.5 -3.0 22 0 10.3 5.6 2.5 2.5 2 0 1 3 3
4360.0 2813.9 -3.0 301 0 5.3 7.3 7.5 2.5 2 1 3 5 5
4370.7 2803.3 -3.0 301 0 8.3 7.4 7.5 2.5 2 0 3 4 4
5132.8 2493.9 -3.2 111 0 5.9 9.6 5.0 2.5 2 1 2 3 3
5361.1 2444.3 -3.3 105 0 18.4 5.0 5.0 2.5 2 0 2 3 3
5343.9 2684.9 -3.7 27 0 6.4 10.4 2.5 2.5 2 1 1 4 4
5298.0 2726.2 -3.7 118 0 6.3 9.7 5.0 2.5 2 1 2 2 2
5127.4 2796.2 -3.7 118 0 9.8 9.5 7.5 2.5 2 0 3 1 1
1696.9 4073.7 -1.9 107 0 5.2 8.7 5.0 2.5 2 1 2 3 3
2112.8 4620.0 -4.9 189 0 8.5 8.6 5.0 2.5 2 1 2 0 0
2131.4 4549.8 -4.1 289 0 7.7 10.2 5.0 2.5 2 1 2 0 0
1837.3 4083.8 -1.9 76 0 5.9 8.4 7.5 2.5 2 1 3 2 2
1836.5 4025.8 -1.6 278 0 7.3 5.6 7.5 0.0 0 0 3 3 3
88.4 4489.3 -2.5 282 0 11.1 30.8 10.0 0.0 0 1 4 3 3
120.8 4399.3 -2.2 114 0 4.5 7.4 5.0 2.5 2 1 2 1 1
107.4 4385.5 -2.5 108 0 7.8 8.4 7.5 2.5 2 1 3 5 5
-145.0 4470.1 -2.8 169 0 4.5 7.3 7.5 2.5 2 1 3 1 1
-154.2 4467.4 -3.0 242 0 3.8 8.1 5.0 2.5 2 1 2 0 0
-130.0 4476.2 -2.8 253 0 4.1 8.0 2.5 2.5 2 1 1 0 0
-124.7 4479.5 -2.7 254 0 5.2 8.9 7.5 2.5 2 1 3 5 5
-83.0 4487.0 -2.4 266 0 11.9 5.8 2.5 2.5 2 0 1 0 0
103.1 4454.8 -2.2 287 0 10.3 5.9 7.5 2.5 2 0 3 0 0
-207.4 4371.4 -2.7 191 0 12.0 22.9 12.5 2.5 4 1 5 3 3
-40.9 4300.6 -4.7 100 0 10.3 10.1 5.0 2.5 2 0 2 5 5
-14.0 4535.2 -2.4 263 0 13.4 21.4 7.5 2.5 2 1 3 0 0
-72.0 4422.7 -3.2 182 0 22.7 25.2 10.0 0.0 0 1 4 1 1
130.8 4606.2 -2.5 100 0 10.8 13.8 10.0 2.5 2 1 4 3 3
72.4 4580.0 -2.6 286 0 10.4 8.8 2.5 2.5 2 0 1 4 4
-43.2 4603.9 -2.9 215 0 6.2 6.6 2.5 2.5 2 1 1 5 5
-63.7 4585.3 -2.4 201 0 4.2 7.5 2.5 2.5 2 1 1 2 2
-67.9 4576.5 -2.3 198 0 4.4 9.2 7.5 2.5 2 1 3 1 1
-69.4 4562.7 -2.2 182 0 4.4 10.2 7.5 2.5 2 1 3 2 2
127.5 4696.2 -2.9 279 0 23.5 17.4 10.0 2.5 2 0 4 4 4
103.1 4647.9 -2.4 99 0 4.6 7.6 2.5 2.5 2 1 1 4 4
141.3 4655.5 -2.8 282 0 23.1 16.1 7.5 2.5 2 0 3 0 0
39.8 4513.8 -2.5 281 0 7.2 10.2 5.0 2.5 2 0 2 0 0
37.8 4503.8 -2.3 281 0 7.0 27.2 7.5 2.5 2 0 3 5 5
-311.4 4236.9 -2.6 178 0 12.3 18.9 2.5 2.5 2 1 1 4 4
-228.0 4336.9 -2.0 273 0 17.1 4.1 5.0 2.5 4 0 2 3 3
-282.6 4264.8 -2.3 185 0 6.0 18.8 5.0 2.5 2 1 2 3 3
-210.4 4230.5 -3.4 13 0 9.6 5.4 2.5 2.5 2 0 1 1 1
-222.6 4264.2 -2.7 9 0 9.3 12.5 2.5 2.5 2 1 1 2 2
-168.9 4284.9 -3.2 2 0 4.3 9.6 7.5 2.5 2 1 3 5 5
-196.6 4285.1 -2.8 2 0 7.6 8.1 7.5 2.5 2 1 3 3 3
-193.8 4303.2 -2.6 6 0 7.7 7.8 5.0 2.5 4 1 2 3 3
-185.3 4294.4 -2.8 6 0 8.6 6.8 5.0 2.5 4 0 2 4 4
-182.2 4303.4 -2.8 7 0 8.3 6.0 7.5 2.5 2 0 3 2 2
-169.5 4333.4 -3.0 19 0 8.6 5.2 5.0 2.5 2 0 2 4 4
-173.5 4348.3 -3.1 195 0 9.3 6.2 7.5 2.5 2 0 3 2 2
-180.8 4389.5 -3.2 129 0 9.3 13.5 2.5 2.5 2 1 1 4 4
-990.0 5170.8 -2.0 3 0 11.7 7.4 7.5 2.5 2 0 3 4 4
-1013.1 5170.7 -2.1 184 0 6.9 15.1 2.5 2.5 2 1 1 0 0
-297.5 5367.6 -0.6 308 0 9.4 6.3 7.5 2.5 2 0 3 0 0
-273.5 5351.5 -1.7 308 0 9.4 6.3 5.0 2.5 2 0 2 3 3
-350.4 5424.2 -1.6 124 0 16.7 10.8 10.0 2.5 2 0 4 0 0
2045.5 4470.4 -2.5 97 0 6.9 5.7 7.5 2.5 2 0 3 3 3
2053.6 4469.6 -2.5 184 0 6.1 8.2 5.0 2.5 2 1 2 3 3
1940.0 4141.0 -1.6 283 0 5.8 7.7 5.0 2.5 4 1 2 2 2
1995.4 3889.9 -2.3 9 0 7.1 6.5 2.5 2.5 2 0 1 3 3
2154.6 4495.8 -3.6 26 0 7.1 5.6 7.5 2.5 2 0 3 3 3
1972.4 4307.8 -1.1 277 0 6.5 7.6 7.5 2.5 2 1 3 3 3
2245.0 4473.1 -5.4 6 0 7.9 10.4 2.5 2.5 2 1 1 0 0
2240.5 4842.5 -7.4 281 0 9.1 14.3 5.0 2.5 2 1 2 0 0
2201.3 4705.7 -6.6 0 0 5.6 7.6 5.0 2.5 2 1 2 1 1
2214.2 4744.6 -7.1 22 0 9.8 11.4 2.5 2.5 2 1 1 4 4
2341.3 4505.6 -5.6 213 0 5.9 8.8 7.5 2.5 2 1 3 5 5
2349.4 4514.8 -5.7 292 0 7.1 7.1 7.5 2.5 2 1 3 2 2
2399.6 4651.7 -6.1 272 0 8.6 6.7 5.0 2.5 2 0 2 5 5
2663.4 4441.6 -4.5 88 0 4.1 7.8 5.0 2.5 2 1 2 1 1
2570.1 4393.6 -4.6 0 0 4.2 6.2 7.5 2.5 2 1 3 3 3
2458.5 4411.2 -5.1 93 0 3.7 10.9 5.0 2.5 2 1 2 3 3
99.3 11274.2 -7.9 291 0 45.6 6.8 7.5 2.5 2 0 3 1 1
302.5 11429.2 -8.7 290 0 7.3 12.3 5.0 2.5 2 1 2 2 2
1008.3 5820.3 -4.4 216 0 11.7 24.4 7.5 2.5 2 1 3 5 5
6679.9 12315.3 -16.8 144 0 19.3 12.4 10.0 2.5 4 0 4 3 3
1677.8 3689.7 -2.1 288 0 5.0 9.6 7.5 2.5 2 1 3 3 3
-1569.5 3131.0 -1.5 158 0 32.1 11.7 7.5 2.5 2 0 3 0 0
