5929.8 -9216.3 -22.7 340 0 38.9 20.0 5.0 0.0 0 0 2 2 2
5996.6 -9410.2 -23.6 341 0 29.6 30.3 10.0 0.0 0 1 4 3 3
5968.5 -9368.3 -23.4 341 0 24.2 18.4 10.0 2.5 2 0 4 2 2
5961.3 -9336.0 -23.3 341 0 28.9 21.8 7.5 2.5 2 0 3 2 2
5738.6 -8980.0 -21.1 339 0 20.4 31.3 10.0 0.0 0 1 4 5 5
5557.7 -9031.3 -22.3 340 0 26.1 55.5 10.0 2.5 2 1 4 0 0
1973.3 -4883.9 -5.8 75 0 6.3 10.1 10.5 3.5 2 1 3 1 1
1613.6 -5680.7 -2.9 195 0 8.9 34.4 10.5 3.5 2 1 3 2 2
1411.2 -5511.0 -1.1 292 0 11.5 21.1 14.0 3.5 2 1 4 3 3
1816.8 -5962.8 -7.3 8 0 33.2 29.6 10.5 0.0 0 0 3 5 5
2618.7 -5732.3 -6.2 218 0 10.1 9.8 10.5 3.5 2 0 3 3 3
2006.9 -6438.9 -0.6 291 0 34.9 40.2 10.5 0.0 0 1 3 2 2
3437.1 -4648.0 -15.5 12 0 26.4 10.6 14.0 3.5 2 0 4 5 5
1164.7 -5607.5 0.4 292 0 21.2 58.2 14.0 3.5 2 1 4 3 3
1149.9 -5825.0 -0.2 117 0 25.8 15.8 14.0 3.5 2 0 4 4 4
730.9 -8597.5 8.6 324 0 8.4 21.8 5.0 2.5 2 1 2 0 0
1210.8 -5781.0 -0.4 24 0 22.9 24.5 14.0 0.0 0 1 4 3 3
1098.0 -5720.7 0.4 105 0 11.1 23.4 14.0 3.5 4 1 4 0 0
1961.6 -8086.7 -6.1 343 0 85.3 174.8 10.0 0.0 0 1 4 2 2
2109.8 -6187.4 -2.7 193 1 14.7 15.2 14.0 3.5 4 1 4 2 2
1757.5 -6016.7 -6.9 106 0 24.4 49.4 10.5 3.5 4 1 3 2 2
891.3 -5702.9 0.3 205 0 25.6 19.7 14.0 3.5 2 0 4 0 0
2113.2 -9601.9 -3.8 120 0 22.4 31.5 10.0 0.0 0 1 4 3 3
2250.8 -7854.9 -4.1 274 0 26.3 80.0 15.0 0.0 0 1 6 4 4
-2393.8 -10712.1 -3.2 273 0 12.7 56.4 7.5 2.5 2 1 3 0 0
-2314.0 -10734.5 -1.9 4 0 25.4 14.6 10.0 2.5 2 0 4 5 5
-2359.2 -10770.2 -2.6 94 0 13.6 55.0 7.5 2.5 2 1 3 4 4
1113.6 -7780.6 4.4 309 0 41.7 9.1 7.5 2.5 2 0 3 3 3
1067.8 -7747.0 4.4 303 0 41.7 10.4 12.5 2.5 4 0 5 3 3
1124.8 -7764.7 4.8 307 0 41.3 11.1 7.5 2.5 2 0 3 0 0
1154.3 -7698.3 5.3 305 0 123.0 23.7 7.5 0.0 0 0 3 1 1
997.5 -7710.5 4.5 125 0 80.8 25.8 5.0 0.0 0 0 2 4 4
1134.0 -7727.0 4.9 306 0 124.6 22.7 5.0 0.0 0 0 2 2 2
1035.4 -7658.2 4.9 305 0 81.3 24.3 12.5 0.0 0 0 5 4 4
1165.9 -7807.7 4.7 124 0 41.5 10.5 7.5 2.5 2 0 3 3 3
1217.2 -7659.7 6.4 220 0 22.2 64.6 10.0 2.5 2 1 4 5 5
1088.3 -7598.5 5.8 302 0 61.3 28.3 10.0 0.0 0 0 4 3 3
1106.3 -7600.6 6.0 124 0 27.4 11.1 10.0 0.0 0 0 4 0 0
1073.0 -7740.3 4.8 126 0 41.9 9.9 7.5 2.5 2 0 3 1 1
1161.8 -7689.5 5.7 123 0 122.9 28.3 10.0 0.0 0 0 4 2 2
1043.6 -7648.4 5.2 122 0 81.6 24.3 10.0 0.0 0 0 4 4 4
1179.6 -7624.7 6.3 220 0 8.6 41.6 7.5 2.5 2 1 3 1 1
763.3 -8014.1 6.0 12 0 37.9 21.0 10.0 0.0 0 0 4 2 2
818.8 -8007.5 5.5 197 0 39.1 21.6 10.0 0.0 0 0 4 3 3
1865.3 -5666.0 -7.2 112 0 50.7 43.6 14.0 0.0 0 0 4 5 5
1596.0 -6317.9 -4.6 296 0 11.9 40.7 10.0 2.5 4 1 4 3 3
1508.3 -5284.0 -2.7 290 0 12.7 38.9 14.0 0.0 0 1 4 0 0
1440.2 -5406.1 -1.7 200 0 25.4 48.0 14.0 0.0 0 1 4 0 0
1523.2 -5310.1 -3.1 291 0 23.1 28.3 14.0 0.0 0 1 4 5 5
1620.5 -5555.2 -2.5 20 0 18.3 11.6 17.5 3.5 2 0 5 4 4
1785.9 -5635.3 -4.6 52 0 7.4 44.6 10.5 3.5 2 1 3 1 1
1814.4 -5620.1 -5.1 207 0 28.7 8.1 10.5 3.5 2 0 3 5 5
1635.5 -4820.3 -5.7 274 0 18.4 31.8 14.0 3.5 2 1 4 1 1
-132.4 -5940.4 4.8 275 0 11.9 24.5 7.5 2.5 2 1 3 2 2
-215.3 -5855.4 3.9 289 0 31.3 13.4 10.0 2.5 2 0 4 4 4
-132.6 -6248.6 4.5 167 0 57.1 15.2 7.5 2.5 2 0 3 0 0
-299.6 -5971.4 4.8 141 0 35.3 15.7 10.0 2.5 2 0 4 4 4
-240.4 -6230.0 4.3 128 0 15.8 84.1 7.5 2.5 2 1 3 3 3
-193.5 -5828.2 3.2 347 0 11.8 41.3 7.5 2.5 2 1 3 0 0
-279.5 -5857.0 3.9 332 0 7.4 25.4 2.5 0.0 0 1 1 1 1
-89.1 -6053.0 4.7 35 0 87.5 14.1 7.5 0.0 0 0 3 0 0
-44.4 -6121.8 4.7 1 0 12.2 47.7 10.0 2.5 2 1 4 3 3
-267.5 -5875.0 4.4 291 0 10.1 24.8 7.5 2.5 4 1 3 0 0
-262.3 -6156.5 4.3 97 0 19.8 65.5 10.0 0.0 0 1 4 5 5
-169.3 -6264.5 4.4 96 0 17.1 81.6 10.0 0.0 0 1 4 1 1
-154.2 -5991.7 4.7 270 0 17.1 81.6 10.0 2.5 2 1 4 3 3
-275.3 -5865.9 4.1 314 0 8.2 30.8 7.5 2.5 2 1 3 5 5
-56.3 -6165.4 4.7 298 0 22.3 21.4 10.0 2.5 2 0 4 2 2
-223.3 -6022.6 4.5 236 0 14.5 80.8 7.5 2.5 2 1 3 4 4
18.7 -6170.2 4.9 305 0 11.4 65.2 7.5 2.5 2 1 3 5 5
-187.2 -6020.2 4.6 170 0 38.5 10.7 7.5 2.5 2 0 3 2 2
-254.0 -5871.9 4.4 268 0 8.1 34.5 7.5 2.5 4 1 3 3 3
-70.2 -6220.3 4.6 47 0 12.0 78.4 7.5 2.5 2 1 3 3 3
-30.1 -6178.8 4.8 301 0 27.1 22.4 7.5 0.0 0 0 3 3 3
-109.9 -5985.9 4.8 287 0 12.9 45.9 5.0 2.5 2 1 2 1 1
1039.8 -6259.7 -1.3 20 0 34.1 8.4 10.5 3.5 2 0 3 3 3
1054.0 -6265.8 -1.3 21 0 35.3 8.9 10.5 3.5 2 0 3 4 4
1470.3 -6692.5 -1.2 26 0 12.9 11.2 10.0 2.5 2 0 4 1 1
1539.2 -4982.5 -4.6 270 0 25.1 51.5 17.5 3.5 2 1 5 3 3
5384.1 -9083.4 -22.6 161 0 17.7 17.0 12.5 2.5 2 0 5 1 1
5427.8 -9284.9 -23.5 115 0 18.0 29.2 10.0 0.0 0 1 4 4 4
5452.1 -8897.3 -21.6 249 0 41.3 25.3 12.5 0.0 0 0 5 4 4
5597.1 -8832.1 -20.4 251 0 9.5 47.2 7.5 2.5 2 1 3 5 5
1568.8 -4772.6 -7.4 87 0 8.2 21.2 10.5 3.5 2 1 3 1 1
1472.8 -5407.7 -1.8 205 0 9.0 17.8 10.5 3.5 2 1 3 0 0
1554.8 -5433.8 -2.7 71 0 25.5 12.2 14.0 3.5 2 0 4 2 2
2037.2 -6647.4 -0.1 11 0 18.2 11.8 10.5 3.5 2 0 3 3 3
1567.0 -4745.0 -7.5 90 0 7.1 14.9 10.5 3.5 2 1 3 2 2
3267.7 -4799.1 -14.1 96 0 17.9 31.2 14.0 3.5 2 1 4 4 4
3327.7 -4782.1 -14.9 192 0 32.1 16.6 14.0 3.5 2 0 4 2 2
3310.6 -4816.7 -14.4 196 0 25.8 25.1 14.0 0.0 0 0 4 0 0
3280.1 -4847.5 -14.0 187 0 13.5 24.6 14.0 3.5 2 1 4 2 2
2510.8 -5625.1 -7.6 291 0 25.1 25.8 14.0 0.0 0 1 4 5 5
1367.8 -5587.1 -0.1 198 0 8.8 27.6 10.5 3.5 2 1 3 2 2
1374.2 -5634.7 -0.0 104 0 35.6 17.0 14.0 0.0 0 0 4 4 4
1318.1 -5730.1 -1.1 296 0 21.8 43.3 10.5 0.0 0 1 3 4 4
1430.5 -5846.1 -2.5 206 0 38.2 19.1 14.0 0.0 0 0 4 5 5
1508.7 -6007.1 -5.6 28 0 8.2 5.8 10.5 3.5 2 0 3 3 3
1373.2 -5839.0 -2.2 22 0 15.0 16.9 14.0 3.5 2 1 4 1 1
1358.4 -5720.1 -0.1 23 0 17.6 9.7 10.5 3.5 2 0 3 3 3
1345.5 -5835.8 -1.9 109 0 14.8 14.0 14.0 3.5 2 0 4 4 4
1333.8 -5717.4 0.0 117 0 19.8 16.2 14.0 3.5 2 0 4 3 3
1541.5 -5545.6 -1.7 110 0 34.6 12.2 17.5 3.5 2 0 5 2 2
1415.4 -5606.9 -0.1 22 0 5.5 15.7 10.5 3.5 2 1 3 2 2
1926.9 -5391.8 -8.3 164 0 34.4 79.1 14.0 0.0 0 1 4 4 4
1658.2 -5509.4 -3.5 204 0 30.8 6.5 10.5 3.5 2 0 3 4 4
1747.1 -5609.0 -4.6 113 0 5.6 70.4 10.5 3.5 2 1 3 3 3
1733.0 -5617.2 -3.6 27 0 5.8 99.9 10.5 3.5 2 1 3 3 3
1641.8 -5545.7 -3.0 203 0 31.9 6.2 10.5 3.5 2 0 3 2 2
1872.5 -5464.0 -6.8 195 0 22.3 14.7 17.5 3.5 2 0 5 1 1
