2618.2 58.0 -5.2 268 0 21.0 50.6 5.0 2.5 2 1 2 3 3
2768.7 65.8 -5.8 268 0 21.0 50.6 10.0 2.5 2 1 4 0 0
2738.7 65.1 -5.7 268 0 21.0 50.6 7.5 2.5 2 1 3 0 0
2708.2 62.3 -5.6 268 0 21.0 50.6 7.5 0.0 0 1 3 0 0
2647.8 59.4 -5.3 268 0 21.0 50.6 7.5 0.0 0 1 3 1 1
2792.7 67.3 -5.9 268 0 15.9 50.6 10.0 2.5 2 1 4 5 5
2678.1 62.0 -5.4 268 0 21.0 50.6 10.0 2.5 2 1 4 1 1
2579.9 -1584.7 -6.1 226 0 17.5 36.3 7.5 0.0 0 1 3 5 5
2252.1 -908.3 -4.7 110 0 21.6 107.8 7.5 0.0 0 1 3 3 3
2116.1 -915.7 -4.3 110 0 20.9 111.6 10.0 0.0 0 1 4 4 4
2557.0 -75.7 -3.7 357 0 16.6 84.3 12.5 2.5 2 1 5 0 0
2418.1 -343.8 4.9 358 0 58.5 127.2 10.0 0.0 0 0 4 3 3
2385.6 -902.2 -4.8 110 0 20.2 108.0 12.5 0.0 0 1 5 3 3
2410.9 -180.3 0.5 357 0 80.2 179.7 10.0 0.0 0 0 4 4 4
2414.9 -263.5 0.2 357 0 62.1 173.5 10.0 0.0 0 0 4 3 3
2068.0 -811.8 -4.6 87 0 91.6 47.8 12.5 0.0 0 0 5 4 4
2170.0 -738.6 -5.0 88 0 100.5 52.2 10.0 0.0 0 0 4 2 2
2374.3 -656.2 -2.2 87 0 115.8 135.9 10.0 0.0 0 0 4 4 4
1970.4 -537.9 -4.7 177 0 52.8 121.5 10.0 0.0 0 1 4 0 0
