-3248.3 -7733.0 1.1 208 0 89.4 186.9 17.5 0.0 0 1 5 0 0
-2831.1 -7102.8 3.1 348 0 48.6 30.1 17.5 0.0 0 0 5 0 0
-2731.6 -9893.0 7.5 352 0 75.4 76.1 10.0 0.0 0 1 4 2 2
-593.3 -6506.4 8.6 350 0 51.0 24.5 5.0 2.5 2 0 2 1 1
-599.3 -6438.3 8.3 358 0 57.6 29.1 10.0 0.0 0 0 4 5 5
-604.3 -6341.9 7.8 356 0 94.7 29.6 10.0 0.0 0 0 4 2 2
-527.1 -6275.5 7.8 261 0 86.6 66.6 7.5 0.0 0 0 3 1 1
-569.6 -6167.5 7.0 167 0 50.3 60.1 7.5 0.0 0 1 3 5 5
-450.3 -6663.1 8.6 83 0 54.2 99.6 10.0 0.0 0 1 4 3 3
-367.5 -6638.4 8.0 80 0 63.9 53.0 10.0 0.0 0 0 4 4 4
-677.4 -6196.6 7.3 262 0 23.2 45.6 7.5 0.0 0 1 3 5 5
-731.6 -6276.0 7.1 83 0 24.1 65.9 10.0 2.5 2 1 4 3 3
-547.1 -6468.2 8.5 171 0 51.6 52.1 10.0 0.0 0 1 4 4 4
-768.5 -6190.9 6.4 84 0 25.7 110.3 15.0 0.0 0 1 6 0 0
-668.2 -6447.9 8.2 353 0 45.0 30.0 7.5 0.0 0 0 3 0 0
-698.7 -6525.0 8.6 264 0 28.5 95.8 10.0 0.0 0 1 4 0 0
-712.4 -6677.9 11.5 167 0 31.9 24.7 10.0 0.0 0 0 4 5 5
-875.1 -6452.7 8.3 170 0 76.4 27.7 10.0 0.0 0 0 4 1 1
-898.9 -6661.5 9.7 354 0 100.6 42.5 10.0 0.0 0 0 4 4 4
-564.1 -5717.6 4.9 84 0 37.5 57.3 10.0 0.0 0 1 4 0 0
-871.5 -5968.4 3.8 263 0 28.2 77.1 10.0 0.0 0 1 4 2 2
-917.4 -6135.3 4.9 173 0 91.6 49.2 10.0 0.0 0 0 4 4 4
-882.7 -6327.6 7.3 257 0 45.8 65.0 17.5 0.0 0 1 7 4 4
-1022.0 -7805.6 8.5 172 0 90.2 91.2 12.5 0.0 0 1 5 1 1
-956.8 -6850.6 3.5 359 0 189.9 174.2 10.0 0.0 0 0 4 3 3
-454.3 -5958.9 6.2 352 0 51.2 40.0 10.0 0.0 0 0 4 1 1
-781.2 -7193.5 8.9 349 0 107.5 165.0 12.5 0.0 0 1 5 0 0
-783.3 -7713.1 9.4 356 0 138.2 116.2 10.0 0.0 0 0 4 2 2
-629.8 -7933.4 11.3 89 0 126.0 134.2 10.0 0.0 0 1 4 2 2
-880.0 -7000.3 10.5 265 0 65.4 93.1 7.5 0.0 0 1 3 0 0
-1002.7 -6257.3 3.7 264 0 50.8 78.7 12.5 0.0 0 1 5 2 2
-397.0 -6478.9 8.6 261 0 63.8 95.4 10.0 0.0 0 1 4 1 1
-753.1 -7405.3 11.1 350 0 55.2 67.4 7.5 0.0 0 1 3 5 5
-686.1 -6379.4 7.8 351 0 65.1 26.9 7.5 0.0 0 0 3 1 1
-1328.8 -7808.5 2.4 90 0 17.3 279.6 7.5 0.0 0 1 3 5 5
3921.3 3643.3 -18.6 99 0 19.7 18.3 5.0 2.5 2 0 2 0 0
3287.9 4607.0 -18.3 198 0 8.2 9.3 2.5 2.5 2 1 1 2 2
3925.9 3429.3 -18.3 267 0 10.2 16.3 7.5 2.5 2 1 3 4 4
3184.8 4439.8 -17.7 182 0 7.9 20.6 7.0 2.5 2 1 2 3 3
3103.6 3356.7 -15.6 90 0 10.2 9.9 2.5 2.5 2 0 1 4 4
-2286.5 -5233.2 -0.8 141 0 11.0 23.1 7.5 2.5 2 1 3 5 5
-2166.4 -5236.8 -1.3 80 0 19.0 19.5 5.0 2.5 2 1 2 1 1
-599.3 -7023.7 11.9 182 0 56.1 39.0 7.5 0.0 0 0 3 1 1
