-5228.2 -2981.1 -10.0 93 0 92.7 94.9 10.5 0.0 0 1 3 0 0
-3741.1 -10854.2 -3.3 199 0 14.2 7.4 5.0 2.5 2 0 2 1 1
-3713.1 -10889.6 -3.2 120 0 16.6 13.5 5.0 0.0 0 0 2 5 5
-3699.9 -10877.1 -3.7 119 0 13.2 15.8 7.5 2.5 2 1 3 1 1
-3680.4 -10877.2 -3.7 108 0 9.9 8.1 2.5 2.5 2 0 1 5 5
-3669.5 -10876.1 -3.8 15 0 5.2 6.7 5.0 2.5 2 1 2 3 3
-3658.8 -10850.2 -4.4 13 0 7.5 4.2 7.5 2.5 2 0 3 4 4
-3666.4 -10818.8 -4.8 292 0 22.1 7.3 2.5 2.5 2 0 1 0 0
-3735.2 -10800.0 -4.3 112 0 7.6 4.2 5.0 2.5 2 0 2 3 3
-3738.6 -10793.8 -4.4 115 0 4.2 8.1 5.0 2.5 2 1 2 3 3
